5.179210400384976
-0.5138739209169092
0
9.679835815647753
15.44378963563183
0
0
10.440693506746367
26.696799568973027
0
30.32127206858382
0
10.924031711248176
0
24.876476206918046
14.456523177886023
0
0
13.43608538158203
5.079460375816355
1.2353682886586075
0
0
0
-5.419902141296976
1.0378889692552775
2.362662646755979
0
3.5733399310232077
0
0.22487662906893569
0
12.541583582700792
0
3.670669234176131
0
1.2735389842256648
0
-6.899947895931703
0
0
1.9443148968480308
11.597521121121192
0
11.168941249863291
0
-2.714092698808889
36.78664256292378
25.92012643088164
0
0
0
0
2.269537397851062
-3.770933162294508
0
0
-3.9683327444832113
8.637367615571335
0
2.293203861783109
23.489043751000892
-2.9150368071222523
0
0
0.7936123414835645
0
0
0
0
0
9.676616119623874
22.136864307556245
0
33.42328993324018
-4.452665162156174
0
0
0
0
46.80817688452523
1.6314833314703847
0
0
11.444116204457591
6.907634895222417
0
0
3.0591418295537753
0
0
13.72884409284781
5.981626230107656
0
0
0
21.31747152645678
0
12.094531885237261
0
8.276271699767195
0
0
0
-4.958640217918127
4.901006199203575
0
0
0
4.546777829682684
8.753932268915605
0
0
0
-3.3300946564398384
0
0
0
11.226025408431077
0
1.0237290844361553
0
34.34036375396648
0
0
17.50924783167741
2.4264693511857693
0
0
0
0
0
0
23.541958323179205
17.487573093829532
0
3.813861761585091
20.880518326232703
11.951672923111522
1.3410409371529095
0
0
0
2.8143666935338096
7.686422383077357
0
0
0
0
48.60670403488506
0
0
0
0
0
0
19.224144357275964
0
0
18.35974775154321
0
0
4.360834863419214
0
0
2.0731319708143605
0
4.821019404697996
0
22.45713690949498
0
7.980023381043498
0
14.97532582463212
0
0
0
0
-4.499923077104398
0
2.2427833089393516
20.712453575503993
3.6698355549689126
0
0
0
0
9.64789081407934
5.1661150339919075
0
0
24.418616981757275
48.98009975115567
3.4843453280054426
0.817705382960451
37.857031832808445
0
24.20838976481208
6.876503675150055
0
0
0
17.027785310435497
30.783077019347793
0
0
10.612914218813932
2.7152971640234522
0
20.348282872956595
2.5285984662832703
0
0
0
0
0
0
0
34.7862767763354
0
0
0
12.099828855983752
23.593065564172182
0
3.4522194804422703
2.3920682042178143
0.20966265184164
0
0
1.020308134879233
0
0
43.15452190534864
0.9916864662063976
0
-3.0501253556865855
0
0
0
0
3.3418422229459743
0
0
0
0
0
19.787384982892824
11.817648130787228
7.800111352172523
0
12.706671740759495
1.39788664173172
16.312001854791976
32.105973328114295
50.51884526238752
0
0
-1.6849042510133554
0
1.9979896701702415
27.958567897590903
0
22.234005103586064
6.79266942694437
34.44841099620838
0
30.974769281023185
15.035204607159937
17.045684314754453
0
38.30711902472264
0
0
0
5.097479623596847
13.634167144534564
0.2894155204268589
0.30663522211942507
0
0
0
0
21.58765594112691
4.004324048004204
2.1390741671918594
0
0
0
1.773485260641701
0
0
26.637799824094767
0.504280867063871
0
-4.1384879535254555
0
0
0
6.3216024438818454
0
0
2.010895119661825
0
0
-1.4125080935594454
0
0
3.662730733560096
14.440476751084182
20.95018478717779
0
25.64633194310639
0
0
0
5.300128289348029
0
0
46.62112912975722
0
15.20349649927328
-1.7159971022188376
0
0
0
0
0
4.976630447301526
0
0
16.255143516867516
0
3.2653724152183337
0
0
0.7068232702656978
0
25.593235569838424
4.763857944995426
0
0
7.781497216179741
2.9403584347856686
0
0
0
14.870080808868293
0
0
0
29.110412065130443
0
0
0
0
7.154353463343506
0.23424490413253274
0.6110269325903062
0
0
0
0
12.556291864553408
0
3.3377958670056476
1.97670203398844
0
13.312958047857428
36.835676170518994
25.033985963570192
0
0
15.412095594119343
0
0
16.028091589708104
11.487249552120108
4.395755156963094
0
2.201878673227011
0
0
8.623923241718966
3.0148884511783915
0
0
0
0
24.78164121746839
0
0
0
0
0
0
6.3554656418874735
-2.432199986656638
4.220688403180585
0
0
0
0
0
7.410973851960351
9.60170150861461
0
0
0
22.869090688336083
-1.7850270652945195
0
1.4993750886155688
3.7475080381304853
0
0
17.18768268920597
0
0
-3.1589432964954245
0
0
22.386100573178833
2.437411839469034
0
6.5588332786712105
14.669806878797715
-1.4442949295470289
0
57.01515565615074
-4.327874999860118
7.637235069003257
0.22003094891622688
0
16.16614221359591
24.96792761133828
0
0
3.7214893440502
0
0
0
0
0
0
0
19.915511663282768
16.314481085690176
0
0
0
0
0
16.195512148383294
0
0
20.046493626912834
0
-3.134879465001699
0
-2.105786725251626
11.334123788985625
0
0
11.265715455206362
-0.6085617137563766
17.630969117917395
7.441013005197162
0
14.367340771787148
0
0
15.063409498556206
0
0
0
-0.7453443527679369
0
0
30.750613137487004
0
11.749379448587113
0
0
11.294674051151247
0
0
0
0
9.306655388737752
0
-0.8515920806238757
0
15.490285579901204
0
0
8.687441447070077
0
0
7.169985076408164
0
0
19.833046650763393
0
0
0
0
0
0
5.782372578993266
0
0
0
0
0
0
0
0
0
0
0
0
22.894590109026183
5.592257972214561
0
8.828795225937409
0
0
10.01382738825948
0
37.196136599219926
16.006713893099963
4.3391235169160876
0
11.320245201403605
10.785019185617571
1.9545724848123776
0
22.75943298113365
0
16.601610560282875
4.343220205653898
0
0
0
-4.458530649321881
0
0
6.276054887593018
-2.1534597447091066
30.128138330204887
7.5691846146476
0
4.124334137541174
2.383124984791989
30.860915906794695
50.325030624040735
0
0
8.089964929763223
10.619481823398571
-4.79767962968412
0
13.294535430069839
0
0
45.39302742936392
11.000966415297285
0
0
0
7.027710435216813
1.4458657306389586
12.283018922036888
0
6.285560981624027
0
12.007135552719344
0
0
2.1338942716094973
0
-0.8410186326807221
0
0
24.64231601152693
0
0
12.70043491069799
0
0
0
0
-0.2523046408720635
0
0
8.03109280357873
9.62883252793517
