-70.0
-35.0
-70.0
-45.0
-65.0
-60.0
-45.0
-60.0
-55.0
-70.0
-35.0
-65.0
-35.0
-70.0
-30.0
-65.0
-30.0
-45.0
-60.0
-50.0
-35.0
-25.0
-70.0
-70.0
-55.0
-55.0
-35.0
-55.0
-75.0
-75.0
-45.0
-25.0
-20.0
-55.0
-55.0
-55.0
-40.0
-40.0
-65.0
-65.0
-55.0
-75.0
-10.0
-35.0
-55.0
-70.0
-43.80740948419811
-30.0
-50.0
-45.0
-75.0
-35.0
-45.0
-45.0
-50.0
-40.0
-35.0
-40.0
-55.0
-45.0
-40.0
-70.0
-50.0
-55.0
-40.0
-70.0
-30.0
-60.0
-70.0
-30.0
-50.0
-60.0
-40.0
-65.0
-45.0
-50.0
-60.0
-20.0
-70.0
-49.981667295820245
-25.0
-55.0
-65.0
-70.0
-65.0
-45.0
-60.0
-60.0
-40.0
-75.0
-55.0
-70.0
-20.0
-40.0
-30.0
-55.0
-35.0
-45.0
-30.0
-70.0
-75.0
-50.0
-25.0
-40.0
-70.0
-45.0
-45.0
-70.0
-70.0
-70.0
-60.0
-60.0
-55.0
-55.0
-30.0
-40.0
-65.0
-70.0
-20.0
-55.0
-50.0
-45.0
-30.0
-20.0
-45.0
-45.0
-45.0
-30.0
-40.0
-25.0
-35.0
-60.0
-40.0
-35.0
-50.0
-30.0
-70.0
-45.0
-60.0
-60.13179648518362
-65.0
-50.0
-55.0
-45.0
-65.0
-70.0
-40.0
-65.0
-40.0
-45.0
-50.0
-55.0
-40.0
-30.0
-35.0
-60.0
-45.0
-70.0
-35.0
-50.0
-50.0
-45.0
-40.0
-55.0
-25.0
-50.0
-55.0
-45.0
-55.0
-35.0
-40.0
-45.0
-35.0
-55.0
-75.0
-60.0
-55.0
-75.0
-50.0
-50.0
-50.0
-40.0
-60.0
-45.0
-33.88255697477044
-25.0
-75.0
-30.0
-55.0
-55.0
-35.0
-40.0
-70.0
-55.0
-75.0
-45.0
-20.0
-30.0
-40.0
-65.0
-30.0
-55.0
-20.0
-45.0
-40.0
-75.0
-55.0
-65.0
-50.0
-45.0
-25.0
-45.0
-40.0
-70.0
-55.0
-45.0
-55.0
-25.0
-30.0
-70.0
-60.0
-45.0
-40.0
-40.0
-25.0
-30.0
-65.0
-35.0
-45.0
-40.0
-45.0
-60.0
-75.0
-65.27921451255392
-40.0
-40.0
-45.0
-70.0
-65.0
-65.0
-40.0
-70.0
-35.0
-65.0
-35.0
-50.0
-30.0
-50.0
-55.0
-60.0
-40.0
-45.0
-65.0
-50.0
-75.0
-40.0
-65.0
-60.0
-45.0
-55.0
-55.0
-35.0
-35.0
-55.0
-55.0
-30.0
-55.0
-40.0
-55.0
-60.0
-65.0
-50.0
-40.0
-45.0
-65.0
-70.0
-30.0
-55.0
-30.0
-50.0
-40.0
-70.0
-45.0
-50.0
-75.0
-70.0
-60.0
-35.0
-55.0
-45.0
-70.0
-50.0
-50.0
-50.0
-30.0
-35.0
-30.0
-30.0
-40.0
-65.0
-20.0
-35.0
-50.0
-35.0
-45.0
-65.0
-40.0
-20.0
-60.0
-47.177123505657875
-65.0
-70.0
-65.0
-40.0
-65.0
-35.0
-60.0
-45.0
-45.0
-50.0
-55.0
-20.0
-55.0
-60.0
-40.0
-65.0
-30.0
-55.0
-65.0
-45.0
-35.0
-50.0
-45.0
-35.0
-55.0
-60.0
-55.0
-35.0
-30.0
-35.0
-50.0
-30.0
-60.0
-70.0
-50.0
-45.0
-35.0
-70.0
-40.0
-45.0
-45.0
-60.0
-55.0
-40.0
-75.0
-65.0
-45.0
-45.0
-50.0
-70.0
-75.0
-60.0
-45.0
-30.0
-30.0
-55.0
-25.0
-35.0
-30.0
-50.0
-45.0
-40.0
-65.0
-35.0
-65.0
-60.0
-40.0
-70.0
-60.0
-60.0
-40.0
-30.0
-30.0
-75.0
-50.0
-40.0
-50.0
-40.0
-60.0
-45.0
-45.0
-70.0
-60.0
-65.0
-40.0
-75.0
-40.0
-60.0
-65.0
-75.0
-65.0
-75.0
-55.0
-50.0
-50.0
-75.0
-40.0
-30.0
-60.0
-60.0
-25.0
-70.0
-60.0
-65.0
-55.0
-50.0
-75.0
-40.0
-40.0
-55.0
-65.0
-45.0
-45.0
-45.0
-70.0
-60.0
-50.0
-50.0
-60.0
-45.0
-20.0
-55.0
-50.0
-45.0
-40.0
-65.0
-45.0
-40.0
-40.0
-40.0
-45.0
-50.0
-45.0
-70.0
-45.0
-45.0
-65.0
-60.0
-65.0
-65.0
-35.0
-45.0
-25.0
-60.0
-55.0
-55.0
-45.0
-45.0
-50.0
-69.73066087004108
-55.0
-70.0
-65.0
-60.0
-75.0
-60.0
-70.0
-60.0
-59.03284478178461
-70.0
-55.0
-40.0
-50.0
-35.0
-40.0
-55.0
-55.0
-75.0
-58.46585473926089
-75.0
-40.0
-30.0
-50.0
-55.0
-65.0
-20.0
-60.0
-25.0
-55.0
-75.0
-50.0
-60.0
-40.0
-45.0
-45.0
-75.0
-60.0
-55.0
-60.0
-55.0
-55.0
-25.0
-15.0
-60.0
-50.0
-35.0
-70.0
-65.0
-65.0
-40.0
-50.0
-40.0
-45.0
-60.0
-65.0
-50.0
-60.0
-45.0
-30.0
-55.0
-45.0
-45.0
-40.0
-75.0
-30.0
-60.0
-50.0
-40.0
-65.0
-25.0
-55.0
-35.0
-55.0
-35.0
-20.0
-50.0
-25.0
-55.0
-35.0
-45.0
-50.0
-65.0
-45.0
-75.0
-55.0
-30.0
-30.0
-35.0
-40.0
-15.0
-65.0
-50.0
-60.0
-65.0
-55.0
-35.0
-50.0
-65.0
-55.0
-69.46938775242852
-45.0
-45.0
-60.0
-50.0
-70.0
-65.0
-65.0
-75.0
-50.0
-35.0
-30.0
-50.0
-60.0
-60.0
-20.0
-60.0
-40.0
