24.717336839952345
16.00163988512218
25.165999219603776
0
-0.02021453718466404
1.6799416532467344
34.553986524000784
0
0
68.60980882546502
0
0
0
0
0
0
0
29.12516431418235
71.92331106310326
36.183126232850555
9.606351444889254
0
27.98665899266253
13.440362959405114
0
13.970481024155943
0
72.40519961701852
36.04299176385781
0
82.68230598820226
0
16.267919636540377
0
0.3729439957210996
0
25.80366423869234
0
0
17.900579584119424
43.75630014280732
50.05313795360601
0
0
22.089027682513194
-0.712695761398999
0
0
0
27.095758039659334
0
0
16.263230457196457
0
28.950051901459364
40.92908742920584
68.86869637387294
44.78722071575173
10.932576366098631
28.227787168879573
0
0
44.544646541812085
0
0
0
13.207752732944146
0
3.1268430145370836
0
0
21.849886267765363
5.125329270323116
0
13.119031523776595
0
0
0
0
-3.832402780267092
0
29.461789183264415
0
26.440956186319166
0
-4.827540031286315
16.374828741966773
0
0
0
14.116638704783558
28.346261894791844
0
0
0
15.878217986560692
0
23.564392686080232
0
29.229014982864726
0
0
85.47249348246802
0
54.4958192953455
11.663710434811456
0
0
49.67648200956937
0
0
2.7641720630379414
0
36.05920196913701
42.98190953075179
42.476702307880544
0
0
0
0
0
70.71278391211807
11.350316056943191
72.77590445539062
0
0
7.978596645211374
0
0
6.74724009474936
0
55.97368137079536
3.3089426385718888
0
56.45056994893296
0
56.14737204838899
14.130583320056193
0
0
0
0
0
14.262682824927811
8.62679111156512
0
10.182927638252323
11.010845811350723
0
0
0
52.01117969201904
0
0
0
10.968398354367622
35.83288069393883
0
64.632730871745
61.41712262594746
9.114525555134508
9.049363784200295
22.670654993967897
34.46378625779123
58.45915652622334
0
0
11.216748226349484
19.952673279038184
0
13.23400362853937
14.435174665217867
0
0
1.1060799170845375
0
34.34193385647307
3.7699741256850814
39.417445094086894
68.54674967278233
44.64864037102329
8.273423971825675
58.798019237399686
30.38170944879443
8.208138751678113
3.95913640035106
0
28.630485669354684
49.085564554296994
45.50269535618078
58.10813495249324
46.44571214260877
2.382511277159404
0
0
18.936554228138704
0
-1.8892417599110196
48.13603937279446
11.025859275001743
28.85061405320675
43.806507990722835
0
12.66517282190041
31.261615206185752
45.16067725189758
0
0
1.785115846569557
0
0
0
0
0
0
0
0
0
0
0
0
24.19303590104628
0
36.98924745320541
47.57278031513421
0
0
0
5.839380735164852
7.170603779461739
7.204949210678688
37.55759999558079
0
0
43.165578221383555
40.241977866795345
7.686416414473946
76.03173847064218
0
5.075978295437405
0
44.77811250823784
63.49753474543705
14.426274203173502
11.802421860462895
0
0
0
29.486878028322472
68.79752259022573
12.812798160663116
13.008203516464299
51.902388495242086
40.06429231789547
2.9119814927699164
11.547662743375074
25.97339217494395
17.45442699570361
28.12167358258542
36.24902363199169
0
0
35.15378582406769
32.742723267474716
0
0
0
0
0
57.27314604599043
0
0
0
0
17.8125700320661
0
0
0
6.743485124761566
0
0
24.55349385724193
50.10067102313511
1.4530601753070531
28.084907556091338
30.18349995339973
12.317558903838748
0
0
0
46.18377065749259
0
2.3252616406672644
49.66275711871302
26.673588944897126
0
64.38193660342567
90.7009580214511
0
43.19521602203466
34.3476110449252
44.03214775352113
27.72821476105996
18.519854411532986
0
29.108402282661004
0
52.49800703357448
0
38.614324770910784
19.515409186082202
22.198409055655382
0
0
0
32.45724005197406
23.03883975332308
0
9.69479353302618
0
0
0
0
13.519799957534417
-3.2453770697516457
0
0
0
35.38406662106725
0
33.6836291264812
0
0
38.79608056089955
103.52662557676675
23.81139203747161
0
73.0897135784591
0
0
3.0915982816782446
0
0
0
43.887295168480506
17.403947701502965
0
1.9789163265413325
0
3.0504145994692795
35.671957222855845
2.5370760509675545
37.715768719215
22.0399406404942
11.270360715735082
8.968862917349648
-3.8887584410009506
92.13103432067734
73.66669317185996
0
0
0
0
34.921839060201364
0
17.49156593683974
22.672665087607147
0
34.35516749446359
27.750615876840193
7.560951064923348
0
0
0
0
-5.8174837178899566
3.2302457895053553
1.330023571682574
10.104401590924628
0
48.459274364517526
0
0
9.65271552759142
45.18110477627533
-4.187743699653643
65.0202988770638
0
43.82122743954812
39.30882908559617
26.531598883838996
7.009284018295999
8.686745543154585
0
32.73669122517047
0
0
0
2.4137238870654905
22.04900700466773
40.32114018376063
0
59.6366615152137
0
17.316008880850877
0
0
0
26.535689405063664
0
39.76159253082749
0
52.08055150239345
0
65.36128948669074
20.401253550207723
0
7.828741325893434
50.67546518864292
0
0
0
0
46.521616971315964
9.099879994216503
0
8.604076478996234
0
31.13992025488898
2.3743550955914667
0
0
21.982245363316437
