61.38707771761548
13.412193154178755
0.5069265730630992
0
15.341868558282709
0
0
6.564155138906003
7.408538425152734
0
18.169718115532973
0
0
0
0
9.439359990550534
0
0
2.5511527075763816
0
0
0
0.3559455188888716
0
0
0
0
0.24804255440731282
0
0
0
0
0
29.124308724296753
24.430633620195962
0
0
5.45323507052365
0
0
6.994831820281908
0
12.481023395646663
5.15155078044728
0
41.49106994225431
4.075363663226575
0
0
0
1.6121166018438018
25.589893022048635
0
0
0.7815196278776764
0
0
0
24.396745899485794
0
0
0
0
3.257402688720278
0
0
36.529835841641734
0
17.78397955500356
0
0
0
11.641416678333089
0
0
9.966876729357285
0
0
4.884180482648976
0
0
0
0
0
1.56492745732716
0
15.856135417726758
0
0
0
0
19.552723243468783
15.412756988549827
21.787854442039432
0
0
4.886866997541649
0
0
0
0
0
0
0
0
17.310974994040688
0
0
0
0
91.01780103328015
22.881203306127343
0
16.2939344133211
37.54435367506893
0
0
0.28631168131138196
0
0
17.689481874291104
0
0
0
0
18.586836633877066
0
0
72.96360774603804
18.909457222147182
10.272310732315038
0
0
14.492915473224851
0
0
0
0
0
0
0
0
0
7.556689327336358
5.660260032528351
0
0
0
1.2608449653619438
0
42.89922615009209
0
0
0
27.010358046009245
0
0
0
0
0
0
0
5.14000773545486
39.286603614345154
0
3.1504746042056944
16.310602360598295
34.65684929650226
0
0
0
0
51.037513911977086
12.365135937038701
0
16.522528687283256
8.740902893683687
35.258765467213124
0
1.086113984548799
0
0
0
13.077408290441959
10.249824591561847
0
25.90805134195362
0
0
41.02680480063976
0
4.6004625466206
0
0
12.451061917786575
27.28708960497861
25.129611067510773
0
4.23383363530346
3.055085069765683
2.8866426704252
2.116663199005341
0
0
0
14.305412455750973
0
4.551584903045992
0
0
0
5.69663870840227
16.163850290970235
40.17943353574273
0
0
29.83417104531047
0
38.1819003257802
17.176498143344507
0
5.0370873772906
0
0
18.624473611533418
7.69435773920628
0
0
0
0
0
0
0
0
13.359927348398298
0
33.07376601398998
0
0
0
0
11.238378326298303
0
0
15.801403854564073
47.06497480856751
0
11.62387706259872
10.694684561725701
0
0
50.02515149258595
0
0
0
0
32.09446372868621
4.363116376943088
29.08284532780531
0
0
0
25.605622470965045
0
0
0
13.238883414907637
0
0
0
0
0
1.654923789760268
0
0
0
16.142379270612544
0
0
39.53418550700123
0
19.916698665343667
50.36636427720494
17.057280864774732
0
0
0
0
0
29.295884112270812
0
0
0
0
0
0
0
0
26.59456847198996
0
0
48.85586564473729
0
0
0
2.2127429948338353
0
6.16066033339952
0
2.3048367189179704
0
0
0
0
0
17.25940202141893
0
16.021566541484027
16.1328104341202
0
0
0
0
0
4.565751168181361
0
20.100915330955047
0
34.441155575887024
6.839895853208398
0
0
0
0
0
0
16.897189107025348
1.668348785426648
2.764504051002577
9.3174438927056
0
0
0
22.340441542376126
0
29.24398745466663
26.513478544683714
0
0
0
0
28.553040214658267
0
27.486640270049634
0
0
0
28.635370442810576
0
0
0
3.733434172958413
0
0
24.360452653873196
30.8161994842875
0
18.636019660010163
6.507811626208591
17.192855549478374
0
0
0
0
0
0
0
6.297670236703315
0
0
0
0
4.148281826975618
0
0
0.9931880548530874
0
58.09961988173518
38.491146037695316
0
27.576173551803755
28.647354859570815
19.81141682075847
0
0
0
16.037488018677003
0
19.532090328910236
10.531088323278599
7.521901566200892
19.545772458338348
6.275963232755375
0
34.306470024632574
0
0
1.4742897970077973
0
0
0
0
0
21.29696333027438
0
28.274893696481097
7.863273864258719
0
26.935617766072507
16.125600885799138
2.2561936761391443
0
0
0
0
0
0
0
19.107975704068586
11.156820681186643
7.551223800154986
12.131390780027797
0
0
25.101911535637214
1.1909413083519542
4.8199218088536
0
0
0
29.401255962543082
12.742371010864275
0
1.7222995535053336
0
5.973078413883474
0
0
9.326674279845088
0
1.1054212211202064
35.78811699264336
0
0
0
16.29031809626431
0
0
6.3254226893199
0
0
0
17.587360476540454
8.833853180418007
18.024141602053152
0
4.847960957367629
29.17338017741166
0
0
16.32534479360323
0
0
0
0
0
0
0
0
0
0
0
38.87659748546951
0
0.8506072043192425
26.127475149954435
26.19679646585744
7.541051730661438
0
0
0
0
0
0
10.750036269711925
0
0
0
0
13.171985410429576
0
0
0
2.6543100345626556
22.417599789223832
0
0
0
0
3.6403679049876274
0
10.499099494925407
0
0
0
0
0
0
0
5.312134102715994
0
0
0
0
7.421537045904753
0
0
0
26.356018146109925
5.612331836260243
0
0
27.99452705421332
0
0
6.914585647986609
26.287171345609003
0
0
0
0
0
2.394884911419105
0
0
0
3.75867189527675
0
14.703931370201703
0
1.9620148858584372
6.792166247778438
0
3.649463222105224
0.7221057098144641
5.145423501188803
59.797607589733886
65.49156854943202
0
0
0
0
0
0.47507867135731097
6.543762516275786
38.8862932629559
21.754472433818027
0
0
0
8.813963264729596
0
0
0
6.414676666483299
0
1.1227693295269852
0
10.979295041912712
0
0
0
0
1.924720261162637
0
33.36989831390568
0
18.615228472890134
0
0
0
0
0
5.805871125120671
3.159172628741162
3.0624270342572224
56.49614746457737
0
0
0
28.190279434299725
0
9.469712116687582
16.460770774748916
0
0
0
0
0.9498336728077312
19.008237766553414
23.348993381730665
44.95059453515728
14.39346002577522
5.15791895697865
40.311755242803535
0
47.46648511201273
11.217679104635604
0
0
19.693880530837795
30.3596398115179
0
0
1.05030375719992
0
4.787682829768338
0
10.745032987127264
3.906558145655266
32.20964973847868
0
0
31.270046835132963
0
37.111979719795855
0
23.528249454548977
16.0805690454853
7.187922420013539
13.058071633205133
12.154197949013856
21.500769586726424
0
9.336747997256301
0.43852572995244365
3.6345371430313396
5.118315069423797
0
0
0
0
0
32.75340056740314
0
21.58178339760892
56.30111427877796
10.305907945486354
2.037127495017815
19.448172408394086
0
0
8.523636726948425
6.728374986330227
0
0
6.184448732296415
54.213920007914076
0
0
0
0
0
0
0
54.96129451598037
0
7.050919357879666
0
0
0
0
0
0
0
0
0
0
30.58973342002794
25.682120602322307
12.512331185076338
24.04563482740666
0
0
0
0
0
35.04786643203439
14.916260331566356
25.407212863685437
15.566044181595343
9.178512333510827
4.562596289556966
19.589718741077675
0
0
0
0
0
14.40908540812398
0
0
0
0
16.08804181898277
7.366975866198034
0
0
47.56561811412399
20.163041222244267
39.92031665267762
0
34.716645222272064
0
0.4912790376609504
0
0
44.92040198539523
0
0
0
0
6.796832978688432
0
29.66354571091289
0
0
0
10.778982651062343
11.5942981224193
0
0
20.57576063317677
0
45.75897351673287
4.2626780132615885
0
0
0
8.602287416220877
41.88319387190723
15.03296907232277
0
22.398855264796467
0
0
9.65121311415068
0
21.001786495163223
18.698574359533172
0
0
0
0
20.27941799732534
0
11.95130478333496
0
0
16.32219905416754
0.4254341881843118
0
0
0
0
0
0
0
3.3379756039412207
0
10.566418788664704
0
17.855110048395524
0
0
16.24560537143939
2.054154184589688
0
8.32124572030261
16.367357658681353
0
0
0
7.776156994429879
18.58206874386709
0
28.400791716144408
0
0
0
12.116211743615763
0
11.227154814044003
0
33.996337866906494
0
16.131608035565833
13.401439358589974
0
0
20.86611887403939
0
0
6.288804863102657
0
10.63278357949634
25.305207854226815
0
0
56.465352220614776
0
0
0
0
0
0
0
0
0
0
7.71144545574842
0
0
0
25.830788396003456
0
11.763400067126268
0
34.25060811541598
24.528828068424325
0
0
14.27159183710372
0
0
0
4.186364130702403
0
11.254394583361197
0
0
15.144680750988742
3.455207304049777
0
0
16.24640021001642
19.40240596041545
0
0
26.191252357769493
0
0
0
0
39.40681098367774
0
2.230068077155625
16.480639193952115
3.670534964104929
0
0
0
12.041733454379619
0
20.027786138951384
0
0
0
0
0
0
13.38132453013399
0
0
1.893794418757512
0
0.5245716951265944
0
0
0
27.316123762727294
0
0
50.000564676786674
0
2.5583324111822474
0
0
13.562282628715664
18.244739820523098
0
0
0
41.392066320985975
2.1884544384274403
0
0
0
0
22.09221195570318
0
0
0
0
0
0
0
0
0
0
21.229803085682025
0
0
0
0
11.047294493171993
0
0
0
0
0
16.532217664722285
0
0
0
1.9966912250656819
4.89159475566934
3.410809748002322
1.257318083560584
0
0
29.35924281348744
0
0
0
36.857735756466084
17.20963073071657
49.32035452558162
2.1949022663960953
0
0
0
0
0
0
0
0
0
0
5.381425387790706
59.901139383617114
0
0
34.64672616686452
0
0
0
14.876191032808004
26.836419158698263
0
0
0
12.022233504613329
51.59406572901675
7.282525304646597
0
0
20.017117440342247
