0.565540300824694
-19.130077059754658
-11.134386050492456
-9.922426829968698
5.3170751719488845
-6.0
-20.0
-8.0
-1.0
-16.0
-26.0
-16.69657323118921
-10.871336586443107
-17.917461322073528
-30.0
-28.54520775389485
-30.0
-32.0
-30.0
-30.0
-32.0
-30.0
-28.0
-32.0
-25.30190606972647
-22.0
-6.0
-13.699133982929329
-22.0
-28.0
-32.0
-30.0
-30.0
-34.0
-31.526419477965092
-32.0
-32.0
-30.0
-22.130221208730458
-20.0
-12.0
-8.0
-16.0
-10.0
-4.971328122272868
-16.0
-6.754227928727944
-20.0
-8.0
-8.0
1.1203690885804527
-15.099553258812541
-26.0
-7.0
-26.0
-6.852599368015473
3.4239068078201607
-2.0
-23.761036747279217
-20.08340417418424
-12.996477664045596
-12.026733309619306
0.14543845001887412
-8.0
-10.0
0.03176741910516867
-24.0
-24.0
-10.0
-4.0
-10.192064238019919
-8.0
-12.0
-2.0
-10.0
-20.0
-8.637238991534645
-6.564114242210549
-16.0
-14.0
-12.0
-10.379111197150966
-6.0
-15.981409906673083
-28.0
-24.0
-7.720162765159484
-9.961906883399
-16.0
-11.43860909229034
-8.509999260533405
-21.417948737364213
-26.0
-9.680339104386928
-25.677164658138913
-16.0
-12.0
-7.672486537157901
-24.0
-20.0
-18.0
-10.063239106898447
-8.6294690532829
-8.0
-20.0
-12.0
-6.0
-14.0
-8.182534452004267
-26.0
-14.0
-5.508248891443549
-24.0
-8.0
-14.0
-18.0
-12.0
-8.0
-10.0
-14.0
-14.0
-22.0
-16.051194217929787
-8.48341570405496
-14.0
-8.0
-18.0
-6.0
-12.0
-16.0
-7.389122879885015
-7.2555467177292705
-12.929881920180414
-9.968318031141225
-12.0
-9.267628696765556
-1.8607060004228462
-6.864976947572657
-12.688056173493024
-3.3297689204657708
-6.0
-10.0
-14.0
-14.0
0.0
-18.0
-6.9168143898166115
-10.0
-8.0
-9.0
-18.0
-1.674626414613666
-10.0
-14.0
-22.0
-22.0
-12.0
-3.8489588405441255
-17.740022375896174
-16.0
-10.0
-26.0
-12.0
-2.711391779170196
-14.0
-12.0
-5.387068144774531
-10.970782168548112
-8.727796063322028
-11.678244205262303
-14.0
-22.0
-15.09312832025778
-17.593147245671943
-28.0
-3.078930752151202
0.8157563849626519
-28.0
-14.0
-4.9996205518990315
-16.0
-28.0
-15.665792321441463
-22.0
-10.5576899209789
-9.219748387709549
-8.0
-8.0
-3.426971475767493
-14.0
-6.0
-6.348936413583128
-6.0
-26.0
-14.71821767964457
-22.0
-13.84231712342499
-7.129881655584025
-12.0
-2.6348738248930217
-18.0
-6.544188927375576
-3.9776060939258064
-14.0
-9.311844201615695
-3.3362666264008265
-20.0
-6.553833705308084
-12.0
-6.368013003291686
-12.769026014966993
-8.0
-12.0
-12.0
-13.462416185922152
-6.0
-10.0
-10.87337929689767
-24.0
-12.0
-2.158685530777134
-12.0
-4.0
-3.5594483876453946
0.3068415867932295
-24.958626464111585
-10.0
-9.50815805340949
-26.0
-14.0
-8.0
-20.0
-11.0
-12.0
-11.91115048744871
-8.0
-8.0
-22.0
-3.438297817198322
-20.778086174989546
-7.0
-6.0
-7.395653410263399
3.9220442424111424
-6.0
-12.61231787062718
-18.0
-1.7836127456952209
-26.0
-11.779159794179943
-22.0
-5.628997979960443
-14.0
-18.0
-8.0
-18.89304913018393
-4.0
-14.0
-12.0
-16.0
-18.0
-22.0
-16.0
-24.0
-9.387272848574286
-14.0
-13.355307166935486
-10.0
-22.0
5.119681568648019
-18.0
-28.0
-24.700498708382387
-8.0
-16.0
-22.0
-10.0
-14.335477879043372
-15.518299065003072
-21.265706992514424
-22.0
-12.676108637082294
-20.10346883226132
-22.624366961812974
-10.0
-20.0
-19.525626740370107
-4.0
-10.0
-3.744497369161678
-16.0
-3.3060204920664753
-26.0
-12.0
-16.0
-4.295765826266072
-26.0
-12.939622662365608
-12.0
-8.961838076783813
-12.0
-14.0
-11.369521282398459
-12.0
-4.0
-2.793558299804315
-3.5892325265276446
-26.0
-7.232516921342414
-19.714362007152396
-18.0
-30.0
-18.0
-20.0
-20.0
-4.0
-4.0
-14.0
-6.478089799568199
-18.0
-2.9041475591842767
-8.0
-8.0
-21.090382146475683
-18.0
-20.0
-11.701521140831765
-22.0
-33.569393069579334
-9.571249025476993
-7.952539585518496
-17.319163587576877
-16.0
-10.0
-16.0
-16.0
-16.0
-5.187757590514833
-6.977179434588159
-10.0
-23.947243778248254
-16.0
-22.0
-9.874842454126911
-22.788234108517287
-20.0
-20.0
-6.0
-14.0
-11.009437150921018
-6.0
-26.0
-11.97365633779474
-14.0
-8.0
-10.0
-5.619753944514242
-12.0
-12.0
-18.0
-20.0
-10.0
-18.0
-12.294074341295511
-12.0
-10.0
-18.0
0.8916594522572887
-12.0
-26.0
-6.0
-23.456519494270726
-7.645712284691772
-10.0
-22.0
-18.0
-21.540557822668287
-8.91535198038677
-26.0
-3.9655290447691254
-6.750254266383891
-10.0
-10.290723395620956
-22.0
-6.0
-10.0
-10.0
-6.506566566013862
-7.448314433659281
-8.0
-12.0
-10.0
-4.59223933568955
-6.421225926278604
-12.0
-16.0
-17.687333760443746
-11.19422097611304
-8.0
-6.0
-8.0
-12.0
-11.557246058735185
-2.4166187696961074
-19.663790558872716
-6.0
-12.034650412661822
-14.0
-6.0
-16.0
-12.0
-11.306247338961382
-10.0
-12.0
-10.906309401600517
-12.0
-10.12194628669294
-16.0
-12.0
-12.64395671472093
-10.0
-18.0
-14.0
-14.0
-14.0
-6.0
-10.0
-10.0
-24.0
-3.02000269519643
-14.0
-9.848758035770764
-10.0
-8.0
-12.0
-23.956011733302837
-11.45646162852463
-10.0
-3.117403212321116
-10.417103515142829
-30.0
-22.0
-14.0
-10.0
-12.0
-10.0
-10.0
-8.0
-6.0
-3.9457766587353187
-11.539670587624867
-6.0
-16.0
-9.731775384999613
-9.39503498368994
-22.0
-4.0
-8.0
-26.0
-12.0
-12.0
-12.688731436649764
-9.886557631678993
-18.0
-14.0
-11.05581396136298
-8.0
-10.0
-3.6567682668094603
-6.646772766690281
-14.0
-10.0
-10.0
-5.755670169814879
-11.797901741179796
-14.133545071128246
-16.18829655121847
-4.845869728818993
-16.0
-12.0
-10.0
-20.0
-13.852710831269388
-10.0
-18.0
-14.0
-6.622910855213254
-12.0
-5.0
-6.6146825870657056
-23.770068376724993
-3.7673120219248064
-12.0
-10.0
1.573339614218546
-14.0
-11.763905429141689
-10.0
-32.0
-11.310996427443406
-7.814011927250563
-12.0
-10.0
-10.0
-6.213576290250771
-4.957524720713846
-4.0
-8.0
-6.0
-10.83747360325652
-20.0
-7.5604464014576624
-24.0
-30.0
-26.0
-8.0
-8.0
-6.0
-24.0
-11.871812555864288
-16.46029327129424
-14.0
-12.0
-11.545064831497001
-16.0
-4.0
-8.0
-9.730027202827928
-10.0
-11.798203897189905
-13.87617857155066
-10.949333353218615
-8.901667652542963
-12.0
-14.0
-10.0
-7.563955699344191
-10.0
-3.6654867692924418
0.0
-8.0
-10.0
-10.0
-13.998046207745208
-5.951325300608837
-24.0
-20.911489488452933
-22.0
-6.0
-2.0
-12.0
-12.0
-16.479620696721703
-20.0
-10.0
-11.443397838655684
-20.0
-19.919682820883125
-8.0
-9.959082863516683
-28.0
-6.538809137821991
-4.0697679194417695
-8.0
-22.0
-4.0
-4.840421299707211
-6.022792371343766
-8.0
-4.0
-16.0
-8.0
-8.0
-23.634472946758223
-6.0
-2.3167001269963015
-12.0
-22.0
-4.686913018108095
-14.0
-16.0
-22.0
-3.660158717251659
-24.0
-17.608681374915246
-10.0
-9.901103632498707
-5.116776164565435
-19.401250558717578
-2.0
-8.0
-18.0
-12.0
-8.883666579084505
-18.28223869191794
-12.461290942758833
-20.0
-18.0
-18.0
-10.0
-6.637603231144659
-1.6518673552928478
-7.0
-12.0
-12.0
-14.0
-16.0
-20.0
-16.0
-6.0
-12.0
-10.0
-11.047847826666494
-15.243139625052192
-10.0
-4.929055845500971
-22.0
-12.027810691928698
-8.0
-2.0520353132876616
-3.4525835947207177
-30.0
-18.0
-8.0
-6.0
-4.0
-14.93463381050676
-18.0
-19.985989934900473
-9.054712101517213
-9.676015107281568
-16.0
-21.63260855885791
-16.0
-7.774803591209002
2.5472799515545237
-38.0
-20.0
-7.8065398904288505
-22.0
-15.239278580978741
-6.514204065022818
-14.17757911730471
-6.0
-2.0
-0.23178730487983445
-5.605874133735148
-14.0
-15.731483197074228
-22.0
-16.0
-2.7709645129403384
-14.0
-16.0
-19.91402829452611
-12.0
-10.300849336663838
-12.0
-2.0
-7.798111323855549
-26.0
-3.557585033171341
-20.0
-10.0
-4.009783519844442
0.15247342038670775
-22.0
-20.824291950627035
-14.0
-20.0
-12.840607591015218
-15.579220145282815
-26.0
-5.724235297363011
-20.0
-12.0
-14.0
-10.0
-14.0
-15.949977764981924
-6.0
-18.0
-19.18099182990467
-24.0
-14.0
-8.0
-12.0
-18.0
-18.0
-15.958159652270297
-18.43160929652594
-4.43697380160187
-12.0
-7.653981351246359
-12.0
-20.0
-7.092572921031698
-13.664489261938574
-8.0
-10.488236508026223
-10.0
-6.0
-21.848259574978847
-8.0
-16.0
-24.0
-8.962160319602877
-9.629143922621147
-28.0
-4.0
-18.0
-7.576915365776426
-12.0
-28.0
-5.0
-18.0
-6.938854836110483
-22.0
-22.0
-10.0
-4.923955500899704
-4.0
-4.864291714065758
-12.0
-16.0
-8.0
0.17271388668751406
-24.0
-10.913563960906945
-9.484499306831106
-18.0
-4.0
-14.07621571559584
-20.0
-12.0
-19.57841338281206
-12.943861032489606
-15.0
-20.0
-18.0
-2.855652186891734
-0.9802277610712569
-8.0
-19.0
-5.6665241262125114
-2.8265731447626785
-16.0
-26.0
-10.0
-14.0
-26.0
-12.0
-15.729851342784318
-16.0
-12.904462553225859
-8.744685300181432
-8.0
-14.0
-16.0
-13.0
-22.0
-10.0
-28.0
-26.0
-24.0
-12.0
-16.0
-12.443394176606905
-18.0
-13.377656443073349
-16.0
-20.0
-8.151035352239647
-15.262932563033534
-6.0
-10.0
-10.88894226386024
-6.0
-7.352426695133361
-16.10715247046023
-15.959705350571621
-18.0
-5.573335931426383
-20.542138582245897
-16.0
-10.0
-20.0
-10.0
-4.0
-4.0
-6.0
-10.0
-11.520309473783533
-20.0
-14.0
-14.0
-8.0
-16.0
-13.582944617625138
-6.978780838925837
-10.156916817916597
-1.7140053082643185
-8.0
-15.79433104964703
-6.0
-13.270235676271039
-10.0
-9.234609315247214
-22.0
-6.0
-4.126504952077258
-8.0
-3.9916396477596607
-12.0
-4.42418972793194
-18.0
-9.214264837407448
-21.961963415417546
-1.4844359978237516
-9.671880946625247
-19.97266364494194
-6.0
-18.0
-14.0
-8.16751520115385
-18.0
-7.177895222477334
-22.0
-6.0
-16.0
-16.0
-10.060515608690924
-18.407448897794676
-12.0
-8.0
-1.0
-14.0
-7.805229634027448
-6.417239720345554
-12.0
-13.982714589402274
-12.0
-12.394695373376265
-6.883412516761361
-24.0
-24.0
-14.0
-18.0
-16.0
-10.119730682299473
-12.0
-13.212696099728364
-10.0
-9.239212691178375
-6.0
-14.0
-20.0
11.56584722637593
-10.0
-8.0
-15.621150088892927
4.68366416873968
-12.0
-16.0
-10.0
-14.0
-6.0
-8.0
-3.6696360779582196
-6.0
-22.0
-19.844533194979483
-14.0
-8.0
-14.0
-9.716562170046718
-14.0
-20.0
-30.0
-2.24436829283939
-15.907458803844802
-17.633538719220688
-17.259844588116692
-16.0
-12.0
-18.0
-18.0
-8.725419025142788
-12.0
-20.517045126887275
-14.0
-4.851843824424913
-12.0
-12.0
-12.0
-12.0
-12.0
-22.0
-24.0
-16.0
-12.0
-8.0
-4.0
-14.0
-22.0
-8.864954870275426
-6.858805272353024
-4.0
-17.9776537588879
-4.6553938853417485
-4.0
-13.21433398008604
-12.0
-17.207533555788082
-18.0
-12.0
-19.816932153377657
-4.0
-16.0
-11.696562397716697
-13.772322221389482
-12.0
-18.0
-10.0
-20.0
-11.0
-8.187978764500748
-12.460152224808375
-18.0
-4.0
-24.0
-18.0
-6.0
-10.0
-9.53823256130185
-12.789075772761667
-22.0
-12.0
-16.0
-16.0
-12.0
-1.3741583311731378
-24.0
-8.0
-12.644954328152973
-10.0
-28.0
-7.316604521541925
-10.0
-3.690962535333828
-6.0
-14.0
-10.0
-14.0
-9.934002603293006
-5.996661306606856
-18.0
-2.851963497287277
-8.0
-12.0
-4.851083670151782
-12.0
-15.635222979353495
-8.655891836447413
-8.0
-18.0
-6.0
-10.0
-16.0
-12.0
-11.619539332552456
-14.0
-20.068499060096265
-16.0
0.8859365515787392
-12.0
-12.0
-20.424362835118245
-12.0
-14.0
-12.0
-7.600023855026297
-14.0
-6.0
-17.29084927447012
-2.561403705374737
-12.0
-8.774276617210655
-12.0
-10.0
-20.0
-4.0
-14.0
-10.0
-6.821380164010083
-18.0
-23.14517477010126
-14.0
4.25285673509203
-9.849293343710617
-16.0
-1.5063058113883017
-11.663289506592221
-4.484644200891124
-22.0
-11.909025997529296
-16.0
-16.0
-24.0
-8.113097576010883
-3.0
-26.0
-11.473308447830266
-16.0
-10.0
-12.972539485567745
-26.0
-4.526169788673528
-21.589817873675056
-8.0
-12.0
-12.027276469841242
-6.7454539469994295
-14.675272731186343
-10.0
-6.0
-12.499191519871108
-6.9244892837302965
-13.760632178792967
-24.0
-14.0
-2.824964498256538
-28.0
-11.024050487327017
-1.4676934388496794
-25.0
-20.0
-11.655117904864223
-7.877585089983104
-10.0
-2.9652195456715313
-16.0
-15.63134249262132
-9.696923756482533
-8.530108785993725
-2.0
-8.658086886477154
-3.4884362731965437
-5.247624308060629
-28.0
-6.0
-14.0
-9.037854442275894
-2.095242152560953
-6.690627068061572
-6.0
3.0
-16.0
-16.0
-18.0
-3.615241119363617
-8.0
-2.919589631837463
-14.0
-8.0
-13.938254114193755
-9.16314404400703
-10.0
-5.518974362172871
-12.60750285996836
-10.0
-13.923664184879309
-17.687562872134507
-0.9329539282108548
-14.0
-12.0
-7.643186720380806
-10.0
-6.0
-8.0
-6.0
-14.0
-12.680179957240703
-13.974830786656073
-2.0
-8.911374467453617
-10.0
-12.0
-8.022100739551874
-5.82113033525766
-9.681051709032635
-14.0
-24.0
-24.0
-4.0
-9.44935827893703
-11.17831186796124
-8.0
-0.6207704283802966
-6.0
-22.0
-14.0
-15.0
-25.67923971814844
-14.0
-26.0
-10.0
-26.0
-18.0
-10.0
-14.0
-16.66878940795775
-18.0
-13.764050456874706
-24.0
-2.8080963370338194
-8.266709809987358
-8.0
4.791808271443996
-24.0
-3.270102053514088
-28.0
-8.0
-13.725685447236572
-10.0
-8.54286941195606
-21.338178416805448
-17.845629438397665
-15.945121319912717
-14.706352594662764
-6.371077052268494
-2.0
-10.0
-18.0
0.8030026465617002
-23.0
-12.0
-18.896720406452395
-19.65594177941327
-20.0
-11.861297276667104
-9.079495062656026
-14.334679101092323
-12.0
-6.0
-12.0
-26.0
-19.80420768320875
-6.9441017925719875
-22.0
-22.0
-14.0
-4.0
-10.0
-14.852530518893957
-14.734386355343585
-12.0
-8.711832266562908
-20.0
-19.547636345239667
-10.0
-24.0
13.032829415309216
-2.0
-11.163389054647798
-16.0
-5.159938290278127
-10.0
-8.0
-10.797481434294466
-26.0
-18.683303242814368
-12.404569275294689
-26.0
-8.141707647716203
-14.0
-10.0
-10.0
-15.29324363272898
-10.0
-28.0
-4.228877425288102
-9.841642384218083
-5.0
-11.0
-8.0
-19.853067533091917
-16.0
-10.899465450166343
-4.0
-6.0
-14.0
-28.0
-13.994038120886014
-15.66731582478778
-3.1481123481823303
-5.85630881395069
-18.0
-21.308194567801017
-18.0
-19.95704556524293
-2.9429469955850376
-15.461640502801714
-20.0
-12.0
-5.804896204375909
-14.0
-3.5622686344894348
-11.0
-10.802434827919015
-12.0
-10.0
-8.0
-22.0
-20.0
-26.0
-22.0
-20.0
-20.0
-20.937238660567093
-17.60238611198943
-16.0
-26.0
-28.0
-7.403085391091512
-6.0
-10.0
-12.0
-8.0
-12.0
-4.3122896662551415
-2.7957422600310626
-16.918445496166786
-6.0
-11.705000838927145
-12.0
-12.0
-8.034340229783663
-6.0
-12.608563398505412
-24.0
-10.876523786757383
-14.0
-20.0
-8.0
-8.0
-7.845853592791897
-10.0
-15.420982374356186
-12.673435523287695
-6.528057720522687
-10.0
-18.0
-10.281683918032844
-8.0
-16.0
-10.0
-24.0
-17.90888125830172
2.0025788344324735
-9.0
-20.0
-20.0
-8.345023621171647
-1.3657447561318585
-20.0
-8.0
-14.520057582823986
0.29484077784281304
-14.59748502445721
-10.181702344279019
-13.831239237560705
-14.0
-1.0
-2.8492644923923818
-11.466985561326034
-22.0
-11.492259223355795
-20.0
-14.260377609649264
-15.672688835384207
-8.0
-15.788321136077448
-22.0
-10.0
-16.0
-20.0
-14.0
-15.314512457027993
-14.0
-24.0
-5.0
-24.0
-8.0
-10.0
-12.848587443105444
-10.0
-8.0
-6.110853157661976
-6.739465982527508
-12.0
-8.276227358292338
-10.422501891087744
-14.0
-0.3731679118990927
-16.0
-10.0
-10.0
-6.0
-6.948780012390172
-26.0
-18.0
-6.0
-20.0
-12.0
-7.0
-12.0
-16.0
-10.0
-8.0
-12.0
-24.0
-8.0
-8.0
-24.0
-8.0
-24.0
0.4071520439537326
-8.0
-2.854743760010296
-25.144521033505384
-10.0
-8.0
-27.165697493186862
-14.0
-4.0
-4.0
-24.0
-18.0
-7.553413799478753
-8.0
-8.0
-10.0
-16.0
-22.504682418309674
-1.3258966699556876
-5.04373531117864
-14.0
-3.9929679942170067
-6.0
-14.0
-16.160208342995027
-7.549881898588689
-22.9550564460464
-7.081951337579471
-8.0
-18.0
-28.0
-11.81276556810867
-16.0
0.32475429409901135
-13.830566054750063
-12.0
-12.75940076803013
-18.0
-18.0
-12.239689437558333
-14.0
-24.0
-5.488312205003362
-18.0
-2.0
-20.0
-16.0
-26.0
-16.80286259680473
-3.258209353995826
-16.0
-19.26359778163012
-6.9940977670267594
-13.23728409146041
-12.0
-8.0
-10.0
-3.738036266708998
-28.0
-12.780352533293405
-2.0
-13.810440159883065
-12.0
-19.624264441333395
-12.0
-12.0
-16.0
-0.24361873339553464
-20.0
-2.1457872747980797
-13.609439731594758
-5.7965304049023425
-14.0
-12.0
-5.116967498509954
-14.0
-18.0
-14.0
-8.0
-14.0
-10.0
-12.0
-6.0
-16.67410748775388
-12.0
-14.0
-3.411494344620711
-15.747694486081802
-12.0
-12.75651332214586
-6.0
-8.0
-12.488362903404443
-28.0
-12.0
-8.0
-12.0
-12.0
-15.775087701035147
-14.440266027541078
-4.501969980347205
-16.0
-6.0
-11.244021014885037
-12.0
-11.931216916085575
-19.258738856504852
-15.961647047130048
-8.0
-12.0
-12.0
-18.0
-4.38463495146559
-10.0
-6.0
-7.6509438156087315
-12.260401410346576
-5.512212936020554
-6.687980277180613
-9.912002073800185
-10.0
-14.0
-10.953080966273685
-18.0
-6.0
-22.0
-10.0
-4.793691033210584
0.2983401034402011
-8.0
-9.645811629419908
-23.998489629137715
-16.0
-5.088800230472874
-11.211865146682275
-18.0
-11.631773393317921
-24.0
-8.0
-6.0
-6.7970604112441855
-20.157211924889157
-16.0
-17.851990677106514
-19.681888786926812
-3.2513369169156014
-4.0
-4.0
-2.8577371806667795
-24.0
-3.266575570719742
-16.0
-12.0
-14.132414371251295
-10.0
-12.0
-4.102283775427995
-18.563160451772816
-1.6218871143719202
-6.144993638540942
-12.040719681930618
-14.0
-8.0
-16.0
-14.0
-9.00680814664609
-10.0
-12.0
-5.163310279411019
-15.037260055396958
-12.138292306590504
-10.0
-4.494206701321067
-10.0
-2.0
-6.0
-19.50194008323964
-20.0
-12.602761650658405
-8.0
-10.503370063237865
-26.0
-9.573246718662013
-10.0
-7.469281144528527
-10.807742353347427
-6.773718094858119
-9.63301901949864
-10.0
-6.0
-8.081600029940333
-16.0
-18.0
-8.0
-8.956954270007897
-18.0
-5.0
-17.242032847129686
-10.0
-17.724757251642693
-22.0
-16.0
-2.0
-13.751590580731966
-24.0
-22.0
-16.0
-16.0
-17.97007200135387
-5.806001401945564
-0.2993441772458132
-24.0
-4.0
-20.0
-10.0
-12.0
-14.0
-2.022814284593677
1.7220737142344067
-10.0
-16.0
-16.801138207864987
-6.0
-8.0
-12.0
-12.0
-13.985046764909638
-12.472424807755505
-2.5456690316447577
-3.9624112016984467
-8.0
-20.0
-8.473127120879772
-16.0
-9.892900105433037
-9.419512678762022
-10.0
1.5321544404858303
-6.0
-10.0
-14.0
-16.0
-17.109819239111637
-13.471225337086901
-14.004149077611869
-10.510571329672278
-16.0
-18.57681692052259
-12.0
3.2072110325011645
-13.938627293017314
-14.0
-6.0
-14.0
-4.0
-8.0
-6.0
-10.0
-12.95034387496061
-26.0
-9.665195948161095
-8.0
-10.63246626551804
-8.325174949932935
-8.0
-18.0
-20.0
-6.462822977086782
-11.677096650530483
-15.527464257832893
-7.291250978704868
-18.0
-6.9134857216712176
-14.0
-8.0
-2.376947720689738
-12.0
-9.35000300769541
-21.420400712172643
-18.970680086970514
-11.890001149181373
-11.524359742609594
-14.0
-2.530982043266241
-16.0
-12.0
4.233560352222495
-8.0
-16.0
-4.117438317913488
-11.06054216944267
-10.0
-16.0
-10.0
-18.90726610330079
-11.277482504874317
-12.0
-3.0
-11.0
-20.348957481018466
-24.0
-19.822089759613284
-6.0
-6.155195762209935
-5.0
-12.0
-12.355320741324995
-8.0
-15.213307661121743
-22.0
-4.0
-20.0
-12.0
-14.0
-2.7523692566882136
-9.487666188747708
-17.850799578204626
-11.886874594168662
-9.984309687902643
-15.818217115187476
-15.53887922128999
-7.306973646799548
-22.0
-10.0
-26.0
-2.0
-6.0
-4.000553962371363
-8.943768603400699
-20.0
-8.0
-14.0
-6.0
-14.0
-8.0
-14.0
-9.834124388796292
-7.9104766216805285
-10.0
7.970304557563064
-11.73433619375019
-5.40871636358641
-18.0
-6.0
-14.0
-8.0
-14.0
-12.0
-26.0
-12.0
-14.0
-16.0
-10.0
-2.0
-16.0
-3.635178870606018
-8.0
-13.143228196525621
-12.0
-20.0
-8.0
-23.699566569911603
-17.49350130870942
-11.669505750770247
-7.0
-12.0
-20.0
-8.729302131500909
-16.0
-20.0
-18.0
-8.0
-14.568848405615292
-23.25500791406717
-6.0
-8.0
-14.270478786051136
-14.0
-28.0
-8.084545792411387
-14.0
-16.0
-24.0
-4.925989681569456
-9.613031346803686
-10.0
-9.377267757995934
-20.0
-5.49746284011192
-18.0
-14.0
-5.581810940198329
-12.0
-22.0
-13.265935251985717
-8.39748484829543
-11.54586681431978
-8.748285066505408
-8.0
-11.868271848285168
-4.622261742158472
0.18730064050049267
-10.240215719013882
-16.0
-18.0
-10.0
-10.0
-9.869169618277901
-0.9299745600238856
-22.0
-14.0
-34.0
-6.722149704467206
-11.732985546632342
-8.0
-24.0
-10.0
-16.0
-10.0
-8.0
-9.70291447569636
-15.897714897443006
-5.844662405272468
-8.0
-6.0
-10.0
-5.328055794213628
-8.0
-22.0
-18.0
-7.7843162738508145
-1.3855555604050434
-3.7972020339022086
1.2004813755370458
-11.956540022729309
-14.0
-6.0
-18.0
-22.0
-22.0
-18.6253477681051
-5.9963839507905945
-3.144001870836128
-18.236291890881837
-8.0
-24.0
-12.0
-8.8904405795903
-12.0
-8.0
-7.0
-8.0
-11.859512656745371
-6.0
-6.0
-14.433545956539561
-20.0
-6.0
-16.613061639806226
-18.0
-24.0
-13.177791576082459
-4.0
-7.656521806292666
-6.905938203904937
-32.0
-9.991637591155849
-9.640352853410988
-22.0
-10.0
-5.63214887250817
-24.0
-2.170916511912265
-12.0
-16.854209561794875
-6.0
2.9434357029020113
-4.0
-23.57593801997443
-8.0
-7.566058787595772
-10.0
-6.882169950907457
-24.0
-8.0
-8.0
-20.0
-24.0
-0.49584785794778785
-18.0
-11.0
-22.0
-16.0
-10.0
-5.305850149221773
-12.0
-16.0
-0.10851846298872428
-13.400086292785272
-8.0
-6.0
-12.0
-20.0
-6.0
-16.0
-10.0
-16.0
-16.0
-0.67002970424782
-4.414144017985511
-2.8609670425473483
-6.0
-1.388615944495731
-16.0
-8.0
-16.0
-16.0
-13.0
-10.2211263898973
-14.0
-2.5493651911365807
-14.0
-8.621839334635743
-16.85818448296333
-22.0
-6.0
-8.97818751694393
-12.713156417006772
-12.0
-12.0
-22.0
-6.0
-6.0
-22.66874202070397
-20.0
-8.480312705759436
-14.0
-17.393430266578207
-16.0
-10.0
-6.0
-20.0
-12.0
-8.0
-8.0
-4.012167988455613
-24.0
-20.0
-9.731784379569543
-18.0
-13.357318440350184
-10.854569481705909
-9.326309446044508
-10.0
-17.714886149697232
-1.8941021038461958
-8.892948229390187
-11.0
-14.0
-10.0
-17.880267582337808
-17.161405379427823
-10.0
-7.000306559282473
-4.610887816307774
-1.3091645588352856
-10.0
-6.0
-4.139690372292142
-12.0
-6.0
-16.704991843143638
-11.54465836486266
-16.0
-14.940738468292727
-12.0
-20.0
-20.0
-12.0
-24.0
-14.0
-13.874175164926143
-2.988101528974584
-18.122058859455716
-8.392954901526643
-6.631269659460025
-14.0
-10.11797647713305
-16.940497639320185
-8.27189476434475
-3.513076094070975
-12.0
-26.0
-4.437780652572532
-22.536460574775006
-4.995778107661203
-10.0
-16.0
-12.0
-8.922157908195366
-24.0
-6.0
-10.0
-9.672208087979131
-4.0
-10.942586170297114
-12.18300577308642
-24.0
-4.0
-24.0
-16.0
-22.0
-10.0
-10.0
-11.851514018914127
-20.0
-6.0
-20.0
-12.0
-8.0
-20.0
-16.326612755001424
-14.0
-16.0
-8.488290338427195
-12.227557325317079
-17.18735787202398
-18.0
-18.0
-20.0
-10.0
-9.457820604932525
-14.0
-10.79069627928021
-4.64518729633688
-14.0
-18.0
-14.0
2.1665745694141556
-14.0
-11.533742748096174
-2.082061896332451
-14.0
-4.695952451229662
-22.0
-26.0
-8.0
-12.970743891545734
-8.031967047869943
-7.831916187209654
-20.0
1.0187628453926183
-22.0
-9.542007153945299
-7.694762925043833
7.217999048834354
-14.0
-10.0
-4.393757013742166
-13.701406180035463
-8.0
-10.0
-13.0
-23.924144058531823
-17.297088676319248
-12.0
-18.0
-6.315168208094578
-12.0
-8.96746400173335
-8.0
-5.018690078584834
-14.687416383432094
-18.0
-8.0
-10.0
-8.0
-12.227579495052819
-10.905853775272192
-2.0
-12.0
-8.0
-12.0
-13.049170447478868
-12.0
-10.0
-18.0
-2.810696829721036
-0.3119375351405371
-12.0
-12.811590219514896
-8.0
-24.0
-11.187275970039973
-15.945758008064573
-18.0
-16.0
-10.0
-1.0
-24.0
-20.0
-12.0
-12.0
-7.972980598983605
-20.265871209056854
-18.0
-3.217191303614393
-26.0
-16.448594045733355
-12.0
-16.0
-9.0
-18.0
-16.172779129895762
-10.0
-14.0
-0.4146250818583117
-4.0
-6.016331562747334
-14.832777795700778
-17.940203512524338
-30.0
-3.9858748136985356
-7.972113236478112
-6.0
-6.7405710771328335
-12.0
-22.0
-6.0
-8.0
-1.2209029877780697
-10.0
-18.0
-22.0
-19.909152876540468
-10.109210108614652
-10.0
-9.461653370288582
-8.0
-12.848473548306572
-19.79506838206196
-16.0
-2.0
-12.502741543473075
-11.194330061741914
-18.0
-13.37909765046168
3.934004771069647
-24.0
-16.0
-12.0
-12.0
-8.720293467054855
-14.0
-7.4005321509275515
-20.0
0.04012724620924324
-6.752812691739349
-18.16009260102843
0.7675463100469802
-10.0
-11.117989120849028
-21.70290178207434
-20.0
-12.0
-16.929898971643
-7.941336671523325
-16.0
-8.0
-16.0
-20.0
-18.0
-10.0
-8.0
-6.963455420009611
-10.0
-8.0
-18.0
-28.0
-10.858627218197931
-8.0
-9.804340997127397
-18.0
-24.0
-8.457201577615145
-6.0
-14.0
-8.0
-5.893850804428138
-14.835765277309623
-15.202868406266319
-26.0
-7.3294203138409735
-20.0
-3.542691068523037
-0.3950049103923772
-14.0
-9.4423772418666
-14.0
-18.0
-13.968143301664647
-6.38961361368768
-16.0
-12.0
-26.0
-5.429058521557577
-6.566028761628319
-14.0
-16.0
-7.0
-6.747872016236317
-19.844479429670578
-7.461175241402383
-12.0
-14.028467363737533
-8.0
-8.0
-12.0
-6.0
-2.6247060064813814
-6.368718217091474
-4.0
-22.0
-6.0
-4.1699010790168725
-2.0
-1.0
-12.0
-20.0
-12.733402343692562
-4.0
-8.0
-14.0
-12.0
-10.0
-32.0
-16.70358785683024
-5.014775574581014
-16.0
-14.0
-13.604269726677257
-8.047315769518036
-26.0
-6.0
-24.0
-18.0
-14.0
-11.928933519141859
-8.0
-11.920858518924875
-5.466129823639676
-1.6366494507450815
-30.0
-16.0
-6.125124866776316
-8.0
-10.0
-6.7411689516861575
-21.537199558378084
-2.6521669808721686
-23.837897133154982
-6.4524105768239535
-7.722621367154169
-11.53678748420757
-28.0
-2.166682673621435
-16.0
-0.6793325847836202
-6.0
-22.0
-5.9399143981164375
-16.0
-18.0
-13.755083110643898
-10.0
-19.92177209350696
-17.610230858208556
-10.961725668064787
-11.705850536023387
-6.0
-14.144384719727991
-6.505319783572888
-20.0
-26.0
-12.0
-22.0
-16.0
-11.818864320560833
-18.0
-18.0
-14.654256855182592
-6.247808075711635
-20.0
-14.0
-5.812741399625483
-6.0
-22.0
-14.0
-8.0
-12.998387527356835
-18.0
-34.89536465498741
-10.0
-20.764283003496836
-10.0
-6.0
-8.0
-16.0
-18.0
-7.1715176392645485
-8.0
-6.0
-24.0
-10.295952780404727
-4.0
-4.953932612554674
-6.0
-19.458709652268446
-20.0
-12.594049683882233
-12.0
-17.60699039616555
-20.0
-5.0
-16.0
-18.0
-26.0
-12.0
-18.0
-14.0
-14.0
-20.606892423720616
-22.0
-8.102416907707202
-22.0
-13.676452758352118
-9.302050611701098
-10.45116235887117
-11.185874086653767
-16.0
-10.0
-24.0
-12.0
-8.0
-12.0
-19.81769761408107
-12.0
2.2273278247770874
-16.0
-20.0
-14.86609020454949
-18.173235075387623
-8.0
-8.0
-11.076860913348526
-9.792332717227765
-4.202223125243224
-11.0
-7.833620131237744
-14.634603991226228
-12.0
-3.7553308116064543
-6.0
-12.0
-13.255282612590284
-20.0
-16.0
-4.310661489908932
-10.0
-24.0
-4.0
-12.0
-12.989802606853527
-4.632856264660926
-10.711207524241036
-12.0
-7.916536876363915
-12.0
-5.573468083283762
-8.928335962518467
-16.974728129608145
-8.708357720312598
-14.0
-0.4858182006395966
-14.0
-20.0
-22.0
-3.472396618592079
-9.812990210904601
-18.0
-9.319298696830993
-10.0
-4.104965730541809
3.047119215708065
-8.0
-12.0
-4.547353246743629
-14.0
-8.0
-18.0
-6.0
-10.029406303202547
-4.0
-22.0
-16.0
-22.0
-25.652897385663714
-6.0
-8.0
-13.907341481375115
-12.0
-0.861205335993021
-14.0
-12.410243247036304
-26.0
-8.0
-10.0
-10.0
-14.0
-9.38527471347234
-4.0
-12.0
-6.0
-14.0
-18.0
-4.117643362091442
-5.23806918904002
-10.0
-7.906868126781053
-14.0
-3.0
-9.965430080577432
-12.631043546088215
-8.425716900317683
-18.0
-6.916208139842785
-8.003706587422652
-14.0
-10.0
-6.0
-11.710402955810242
-4.949713493140899
-16.0
-0.630440371094199
-7.734390849102021
-20.0
-3.8564267704718302
-9.9959255590828
-11.770606688631176
-10.0
-10.0
-13.0
-6.0
-11.816029497653908
-11.570782718934241
-16.0
-16.0
-8.0
-11.0146636687247
-1.0425500915160049
-24.0
-24.0
-12.0
-10.0
-24.0
-6.0
0.9343066054445792
-8.0
-12.948754041819868
-9.0
-14.0
-11.100599808042135
-25.826756071783144
-7.717409597516906
-14.0
-3.667771713991514
-11.151674632077613
-8.0
1.4801749194619216
-11.115115885002622
-26.0
-4.0
-8.0
-12.0
-10.0
-12.0
-7.082598600901614
-24.0
-8.647127646879937
-5.423845321627134
-15.822644912216775
-10.0
-4.0
-18.0
-10.0
-18.0
-6.392530734915981
-28.2880016873077
-16.0
-10.0
-20.0
-17.829028540921065
-10.0
-12.0
-15.703455998003378
-10.0
-10.0
-5.193708801789505
-12.0
-8.0
-7.715976350506485
-10.0
-16.0
-26.0
-30.0
-13.417504491748604
-18.834303748972197
-8.835148767549533
-7.886208439382836
-14.0
-8.0
2.0428092326017984
-24.0
-14.0
-16.0
-11.522647962565722
-1.118264681340103
-4.0
-14.0
-18.0
-12.0
-20.632414982932655
-21.931159191267795
-7.057901833060864
-20.0
-14.0
-10.981943478204425
-4.684976022642256
-8.0
-5.143323086353125
-16.0
-8.0
-13.0
-10.0
-8.0
-10.5470404248703
-29.306735720149476
-7.190401791833294
-6.0
-15.347292601479408
-18.0
-9.01668920984947
-6.0
-18.0
-20.0
-11.908753509996517
-10.0
-4.0
-12.0
-10.0
-18.0
-24.0
-6.0
-4.0
-8.48420731828329
-17.79581308581615
-20.0
-12.737132807977677
-9.876384487177091
-4.0
-9.471443230141372
-8.56358605011097
-16.0
-14.0
-11.955270401583196
-22.0
-12.0
-16.8325138719638
-7.989592587844659
-5.487635491632977
-4.9045608201591255
-18.0
-30.0
-17.96340193837493
-3.0
-14.0
-5.9322564383082845
-12.0
-13.781565231315858
-11.895452299367482
-12.0
-16.0
-18.596365038335442
-23.94298109871803
-12.0
-14.0
-12.0
-6.89855519627103
-18.0
-10.0
-29.702920455488734
-12.0
-16.0
-17.051128734295553
-8.085037620879985
-4.344705801057595
-19.151657571049817
-2.158238259957592
-8.144835696830402
-8.344562006673277
-16.0
-14.0
-22.0
-1.219307720902734
-14.0
-12.0
-6.288052445884783
-10.0
-10.890975047400017
-16.0
-18.0
-6.0
-19.267991413835986
-18.0
-13.643532575854696
-16.0
-14.0
-9.118870658163841
-8.0
-16.0
-14.0
-12.769745956839115
-8.0
-22.0
-8.0
-28.0
-8.0
2.5240722628705887
-18.0
-7.914822114825691
-14.0
-7.973027108373858
-4.8362566588931974
-22.0
-10.0
-12.0
-7.143737389209828
-4.807579027967213
-20.0
-12.0
-11.0
-9.851475608382323
-22.0
-19.0
-16.0
-2.0308815157930855
-11.792638297737938
-14.0
-8.310217231918074
-16.928531114529143
-14.0
-3.940009379446516
-20.0
-4.468205192462046
-2.0
-21.78981031119478
-5.277580590548287
-10.321651612541105
-19.650026417477058
-32.0
1.3656030457786503
-14.0
-11.537712819730011
-6.0
-2.9889529926045304
-13.020061400999996
-3.1095418812220927
-6.466480516057359
-17.23928788269793
-22.0
-9.496000232902654
-8.0
-23.763891078222365
-12.968353251170349
-23.135400448619013
-16.1737597821681
-19.402442319866083
-26.0
-14.0
-12.0
-6.0
-6.0
-10.0
-22.0
-30.0
-14.0
-24.913381084837873
-14.0
-8.0
-20.0
7.682451664652706
-6.094613724059405
-20.0
-24.0
-5.0
-22.50673366870843
-12.0
-7.226783243242787
-16.0
-11.83583538158689
-4.0
-12.0
-20.0
-4.0
-10.0
-12.459103971476127
-8.0
-7.9801980655321545
-6.0
-10.0
-7.647674315072793
-18.0
-10.0
-1.9333738906496822
-14.0
-6.0
-16.034069836252215
-4.466573845800436
-6.0
-20.0
-26.0
-20.0
-24.0
-14.0
-14.791593299515428
-6.0
-8.0
-12.0
-8.544126299983478
-12.012144393450422
-11.867303880456877
-1.2226070429580718
-13.733271083488898
-4.585357395377203
-5.0
-7.941816156237182
-6.6913922660792595
-13.725522911278556
-9.018590334210925
-8.0
-5.123457176393856
-6.0
-18.0
-17.821616152834267
-7.562273562904535
-8.0
-14.0
-2.00483883953442
-14.0
-6.992723081392186
-12.0
-18.0
-12.0
-18.0
-22.0
-16.0
-20.0
-9.827117823271493
-5.609999999999999
-18.0
-20.0
-6.859202683994877
-14.0
-14.0
-12.0
-12.0
-6.017243159910411
-28.0
-28.0
-22.0
-18.0
-16.0
-7.495068160215783
-15.493747840647039
-12.0
-11.059748104384177
-10.0
-4.0
-16.0
-0.5475587614928129
-5.522057228984859
-20.0
-12.0
-2.0
-12.0
-8.0
-4.378780022500569
-3.8721855029702676
-18.0
-12.0
-20.0
-20.0
-18.0
-9.43660599108936
-13.884972696660666
-15.0
-12.0
-11.0
-10.0
-8.0
-4.494687045877842
-12.0
-16.0
-8.0
0.22089802928272384
-10.0
-7.197580950879809
-15.693885068598306
-13.733112939640684
-8.074951939693204
-11.685871839499812
-14.0
-6.0
-10.972162927368005
-12.0
-25.99594759621735
-14.0
-10.0
-8.0
-12.0
-10.0
-10.409604556340051
-10.0
-14.0
-6.0
-12.0
-12.0
-9.425209186250894
-16.0
-22.0
-28.0
-9.766039250405484
-12.0
-7.033387940037416
-6.0
-12.0
-8.0
-10.0
-20.0
-6.888637021916355
-30.0
-8.0
-14.0
-5.166812088424821
-16.0
-28.556786062687628
-12.573757342356826
-12.0
-6.0
-8.364919670620033
-12.0
-15.990634433438426
-10.0
-6.887625648362924
-10.0
-8.989931045147653
-6.0
-6.0
-6.0
-10.0
-8.823350019023046
-9.617800800809254
-6.379051192021365
-14.0
-16.0
-12.0
-12.0
-4.62768419790863
-16.0
-24.0
-8.0
-10.0
-12.0
-10.0
-24.0
-13.685371924397458
-10.146000361685015
-6.0
-14.0
-12.0
-4.0
-12.0
-22.0
-10.0
-25.110239156948353
-11.866761588502271
-28.0
-22.93558739921074
-8.0
-14.0
-7.9155605561709095
-24.0
-8.0
-13.423841894567722
-6.002880219019637
-26.0
-24.0
-9.47702532636372
-20.0
-2.7441714683075977
-5.742758990422462
-10.705848574852336
-14.0
-23.986864155469803
-16.0
-12.0
-10.0
-22.0
-8.0
-18.0
-20.0
-26.839728559846247
-18.0
-14.0
-16.0
-8.240922711390038
-20.0
-14.0
0.24393909613854303
-15.49340292153304
-6.0
-19.149277206585232
-20.0
0.33819449086668474
-10.813361545956703
-18.899649717696477
-10.0
-3.4710866818915904
-28.0
-6.0
-16.0
-8.0
-3.255888171352633
-7.086383546299865
-13.868168548965254
-18.974155812401406
-2.055751716974612
-1.0615271224224179
-22.49980024454084
-8.0
-9.0
-30.00409828486901
-20.0
-6.0
-4.75421486835459
-10.0
-8.0
-5.988505525159366
-16.0
-20.0
-4.4012172345283
-12.0
-10.0
-2.0
-32.0
-12.0
-22.0
-13.962008658487505
-2.6455671309002495
-20.0
-18.0
-16.0
-7.938163717220798
-12.0
-10.970483499337128
-14.0
-8.74834285209198
-5.86849830122997
-6.0
-16.0
-12.0
-20.0
-7.404655681585767
-10.0
0.21211602821011688
-18.0
-11.628536633696019
-4.0
-12.0
-26.0
-12.0
-12.0
-18.0
-6.0
1.0941161276739582
-7.929530251929675
-6.0
-14.0
-6.745820631154835
-4.0
-8.0
-11.809776935338443
-8.0
-9.394604790122193
-11.623440563702207
-16.0
-13.616893978128369
-22.0
-6.0
-22.872577974123494
-16.0
-16.0
-16.0
-10.829737860088965
-7.828632771334216
-6.0
-23.561743929365925
-12.0
-24.0
-6.0
-6.0
-3.491668462278878
-12.0
-3.0058591077481376
-8.0
-21.961518783560926
-12.0
-6.021972620607423
-15.157566499741122
-15.941855016207935
-12.0
-6.958233864010795
-20.963495032915137
-16.0
-6.7034744366941865
-6.0
5.693443972669477
-4.336174102290938
-10.0
-11.551443692278529
-24.0
-3.6410543733955656
-8.0
-14.0
-8.0
-18.0
-14.0
-14.0
-6.0
-10.0
-16.0
-18.0
-13.611854698893127
-8.0
-14.752681586532606
-6.604484568901353
-26.0
-6.320150665836667
-12.0
-11.856142657086306
-18.0
-11.95532207816927
-14.0
-4.0
-16.0
-9.592804329132921
-22.0
-4.0
-14.0
-12.0
-8.50284551398881
-4.0
-18.0
-17.93505070782893
-6.0
-7.708449745039365
-5.548636534062814
-24.0
-20.0
-24.0
-20.0
-16.0
-6.4814879489967705
-18.0
-10.0
-14.0
-18.0
-7.0
-10.0
-15.524295343163367
-18.0
-8.0
-14.0
-16.0
-14.0
-10.0
-26.0
-4.0877778191601735
-4.005991570445078
-16.0
-8.0
-9.301403803216186
-12.960032203204277
-8.006999800908911
-17.91382609573904
-14.0
-11.0
-7.961942668872399
-10.0
-22.0
-16.0
-14.0
-16.0
-8.0
-8.0
-22.0
-12.0
-14.0
-26.0
-22.0
-6.0
-3.6636259247613445
-11.586589993202331
-11.0
-11.234463233179934
-23.328223237727588
-8.0
-16.0
-12.0
-18.0
-7.288174400490771
-16.0
-22.0
-5.646679721317508
-10.0
-4.0
-8.539400434071027
-16.0
-6.0
-8.0
-8.0
-15.23894570548713
-12.0
-5.603241587631489
-2.0
-18.0
-20.0
-20.0
-12.0
-5.734251995450025
-10.361187824120009
-13.690390073214434
-6.0
-11.001827453253675
2.079116107717468
-12.0
-8.628320275067182
-18.0
-8.0
-3.854400901736729
-5.097945090226038
-26.0
-18.0
-14.740528802905065
-26.0
-5.891551969667185
-2.8928432346965827
-8.23381626203056
-26.0
-26.0
-12.0
-23.711440232503993
-10.592270925122948
-16.0
-12.0
-18.78465483280473
-0.5345281379823561
-12.0
-12.0
-12.800836036825268
-4.328278579955098
-9.0
-9.377773615518267
-20.0
-12.954658213385112
-18.176329733803286
-22.0
-12.0
-8.0
-20.0
-30.0
-9.0
-4.0
-15.746541088791206
-6.746573125126497
-10.0
-22.0
-8.0
-8.0
-18.0
-4.538105684121496
-6.45400949834025
-1.9671271300610211
2.957869899426165
-12.0
-8.413465991787001
6.059989856319514
-4.0
-30.0
-6.0
-22.0
-16.0
-9.0
-25.334072474619006
-14.0
-1.9063701146653282
-17.0
-16.0
-20.0
-7.961339135053811
-1.8333389974737937
0.5278572967716064
1.0735423346111852
-10.0
-22.0
-14.0
-3.664392926754033
-24.0
-12.0
-12.0
-16.0
-0.9636791831221296
-14.218991637115957
-28.0
-14.0
-24.0
-8.152974331266735
-10.207292387057713
-1.4144590827248793
-18.0
-26.0
-10.0
-10.118301528118097
-7.290957625231101
-5.064598401839254
-10.0
-14.0
-12.0
-12.0
-18.0
-7.782993375778617
-8.0
-20.0
-11.616815827098025
-8.0
-14.466890237616825
-6.0
-16.0
-10.0
-14.081518045387083
-8.0
-10.0
-10.0
-10.97301887246439
-16.241875130313165
-4.038307717843769
-8.0
-10.0
-13.536711831995081
-10.0
-1.720950439064568
-9.288602892610841
-8.0
-6.0
-9.493776478678353
-4.866018157483731
-23.0
-12.682363878296472
-5.417677905689325
-13.990735615326889
-18.0
-1.9215539844470917
-20.0
-8.0
-22.0
-22.0
-9.056517526684388
-11.966033765590728
-6.0
-12.0
-14.0
-20.53255461838145
-3.7071649085584903
-15.912608011714052
-10.0
-24.0
-26.0
-7.063665463316371
-30.0
-18.0
-14.0
-16.0
-20.0
-3.5760468963168037
-13.412945256632879
-26.0
-6.988726594921514
-4.0
-10.71796013323172
2.2346603684888624
-10.0
-11.71677110616959
-14.0
-20.0
-27.88438778185941
-8.0
-10.0
-5.862286292246731
-11.952622920847112
-8.246615063900862
-2.0
-17.46578893712983
-6.0
-8.0
-15.802485287230766
-6.063943302244793
-22.0
-16.0
-22.0
-16.0
-24.0
-11.0
-2.343707120294594
-18.00694947532141
-8.581383311660872
0.2623894516612215
-20.513481398146087
-8.0
-8.0
-21.161218792361908
-16.0
-8.19648080948741
-5.098605762426052
-26.0
-14.0
-12.0
-13.967178276793735
-10.0
-3.5508012404495255
-10.0
-12.0
-4.0
-22.0
-16.0
-8.0
0.13962413194895262
-24.0
-10.0
-16.0
-3.320260451193514
-14.88692835512314
-6.0
-8.0
-12.0
-23.74977079325921
-10.0
-10.152487255666465
-6.359196725149715
-1.8947817955413018
-16.0
-10.0
-8.361130986018367
-14.0
-12.0
-16.0
-22.0
-4.902130252177624
-12.0
-6.770750867580862
-17.151525640682987
-11.234068925299596
-13.007446919971212
-22.0
-4.0
-7.7949204367986145
-10.948603686746388
-8.0
-12.0
-17.4817536963865
-20.0
-2.0
-5.9272305637945415
-14.780518924772224
1.2344980923972737
-7.713809814956926
-13.632781581085144
-14.0
-4.542604993325287
-3.470663387501405
-19.40943048574028
-12.45774940762745
-10.497487251901045
-14.0
-32.0
-12.0
-26.0
-12.419029951771533
-20.0
-14.0
-4.6264469802315356
-17.925307484024678
-16.0
-15.401716791332884
-1.6199352976580261
-28.0
-18.899140033344406
-1.7073753920520858
-16.0
-8.0
-12.0
-14.0
-8.27225113108506
-12.0
-13.904107496721444
-16.0
-5.0
-12.0
-3.585365287477098
-0.02980913841064492
-6.0
-26.0
0.0
-4.0
-20.0
-13.85297345476551
-4.0
-19.124050953697868
-9.22799564588514
-30.0
-7.9920815391001065
-24.0
-3.609538090293105
-22.0
-18.0
-10.0
-11.166817911570522
-8.597143458955502
-8.190987999904406
-3.7457559390717066
-12.61977443906247
-18.0
-26.0
-16.0
-2.0
-16.0
-0.35287904155309757
-13.19797106767177
-10.0
-12.0
-6.0
-2.0
-10.0
-12.0
-9.537564102212407
-23.778866132149435
-15.523756781437054
-12.0
-12.533133014590954
-20.0
-8.0
-18.24298635042573
-2.1707229336297442
-1.4456894132735592
-13.83253560309959
-24.0
-8.0
-10.0
-15.0
0.026426610697216343
-18.572466492396643
-6.905368867239243
-11.437691300053356
-8.65174717140633
-14.0
-9.955833028368298
-12.0
-10.0
0.6156438205613335
-24.0
-32.0
-10.0
-13.748522704010279
-15.356936643744742
-6.0
-12.121744983439283
-2.1360353485070807
-3.5960063706406182
-24.0
-20.0
-6.681371022827044
-10.540092599318033
-1.3932520855071668
-10.512693675774074
-16.0
-18.0
-5.83010188017122
-12.242027363120215
-18.0
-18.0
-5.928432359841386
-5.276313088997603
-6.138652028299525
-10.0
-7.993418900708162
-30.0
-8.0
-2.0
-12.0
-3.434015871972089
-10.0
-26.0
-8.910545333442181
-3.389587940082678
-22.0
-24.0
-0.9890975005316092
-14.0
-12.0
-12.0
-8.419269665340511
-7.85697437423854
-12.0
-20.0
-11.964220293803198
-20.0
-12.0
-24.0
-11.23632183696467
-18.107719111253093
-10.0
-22.0
-6.0
-16.808347750083733
-24.0
-12.441123105586167
-4.0
-12.0
-7.973485578098673
-12.0
-6.0
-4.550878977634674
-3.9953551500392432
-9.636416752402427
-16.0
-20.0
-18.0
-12.0
-12.153490670931626
-23.273676329462134
-5.292926336898379
-26.0
2.783022273215952
-12.0
-20.0
-11.484010164381663
-12.0
-5.1978985207637125
-14.0
-12.656738316445551
-10.894435721707172
-5.594566212186035
-6.0
-9.229065681466363
-19.77409084537249
-14.0
-28.0
-12.213326549599945
-16.0
-19.96835254152204
-10.0
-5.961948318277815
-12.0
-10.0
-8.0
-16.0
-10.0
-13.0
-16.388473502436245
-16.0
-20.0
-11.04872003938856
-19.19176275077769
-5.609739427791987
-28.0
-10.0
-3.6874403233629716
-20.0
-10.0
-28.0
-8.0
-14.0
-12.0
-5.0703406434092155
-6.807972483582803
-16.295587444689424
-11.058326806762464
-8.0
5.876075728843639
-19.978055502736268
-3.0030496438551255
-8.719159203688202
-10.0
-6.959760829843629
-10.0
-18.08055998915636
-18.0
-20.0
-14.0
-17.98492021062756
-6.0
-8.779062321134175
-9.313758986468638
-25.349575720264685
-11.814902223508337
-18.0
-4.590848857762793
-10.0
-13.877513015382826
-2.0
-10.0
-18.0
-10.0
-8.456305038005343
-5.901479270899579
-17.028200210858262
-10.735907512248668
-2.0
-8.161083174987876
-26.0
-8.319212739622081
-11.888482457265162
-13.220724463635053
-15.95950610167333
-10.0
-16.0
-6.802227136373757
-9.90692882732113
-5.683915703547198
-20.0
-12.0
-10.0
-7.025036815707587
-18.726115794982647
-7.520280487989866
-20.0
-24.0
-1.966047836683856
-32.0
-15.020633521725827
-18.0
-5.390989537122909
-22.0
-6.0
-2.0
-12.0
-6.0
-3.967364496127657
-18.0
-24.0
-14.0
-24.09635678894041
-18.0
-12.0
-8.0
-4.572613607545673
-18.0
-14.0
-8.0
-8.0
-10.670286228168667
-12.0
-4.0
-11.333943916197097
-10.0
-9.684974713782822
-11.155697629199206
-12.0
-21.913605620664416
-12.0
-18.0
-21.40988853704555
-12.900281394482754
-26.0
-8.0
-9.67134669423465
-10.0
-14.0
-10.0
-18.0
-12.943084999400426
-10.0
-26.0
-20.0
-6.0
-10.0
-14.0
-14.0
-0.6988517960691891
-3.7310186588012026
-9.88547650912492
-6.178165394783239
-6.0
-22.0
-8.201528688367777
-12.0
-20.0
-10.0
-11.76321689677797
-14.0
-4.0
-0.7004474283195996
-11.0
-5.493977579411633
-5.97811314365154
-14.53298107180402
-6.0
-6.60395986271212
-32.0
-1.8456986523912002
-26.0
-26.0
-10.0
-14.0
-2.0
-14.0
-14.0
-12.0
-27.772105700111037
-13.937195707120289
-3.9681164726584512
-16.0
-22.0
-12.0
-22.0
-3.2151921683255593
-22.0
-26.0
-14.373775955531986
-16.0
-16.28499742956411
-5.648173159468302
-8.0
-10.0
-16.0
-12.0
-5.907215054646918
-12.965002685432168
-22.0
-18.55054752275293
-20.0
-12.0
-5.778083152400426
-12.0
0.11788260468141587
-11.956526285771833
-23.91481792259303
-12.0
-7.522337172716411
-12.0
-6.754499254266734
-24.0
-15.856957924564739
-30.0
-22.0
-14.0
-13.665189711772095
-26.0
-16.0
-8.0
-1.4863864200179626
-14.0
-14.0
-11.032800970932575
-14.0
-5.7146644919180485
-24.0
-2.9949187837590485
-8.0
-14.0
-12.584068690688888
-16.0
-8.0
-21.0
-10.0
-8.919477029095502
-9.914261359806762
-0.07631825099472733
1.423411694830098
-20.8471569900589
-12.0
-13.133057197868803
-20.0
-13.968791191748556
-18.0
-5.840569858512536
-17.300695353510235
-4.698676552345001
-8.0
-18.0
-5.147955277104753
-10.527268979882956
-9.31579879924103
-2.5474657066347937
-10.0
-8.0
-12.0
-15.219819399302118
-10.0
-8.761717931342806
-16.0
-20.0
-20.0
0.9302847587345537
-30.0
-16.0
-1.1746258914093275
-16.0
-12.0
-10.0
-20.0
-5.9089098285819155
-8.125393777117853
-23.957516535065203
-24.0
-4.0
-18.0
-20.0
-20.19129069458146
-8.0
-14.0
-15.0
-10.0
-20.29784214381119
-8.815423099888218
-3.45062988968442
-7.2060833644134
-20.0
-18.0
-6.0
-10.472293181279042
-11.0
-9.998701169267747
-2.0
-10.0
-10.0
-16.0
-26.0
-26.0
-4.0
-18.68493464844047
0.4507160173392313
-18.0
-24.0
-16.0
-12.0
-22.0
-6.810043678744778
-22.0
-14.0
-22.0
-10.501438764332491
-12.0
-7.162610025979042
-3.5121963892089907
-14.0
-20.0
-13.896725598732521
-4.0
-10.0
-5.485115015855563
-12.0
-16.0
-16.0
-14.0
-23.763613180435705
-7.871071403752538
-12.0
-8.0
-12.0
-6.854420576618061
-9.495136590079522
-8.0
-5.6300750748269035
-5.950528423768339
-10.812013526602813
-14.0
-7.082915206891979
-12.0
-24.0
-8.419366775882274
-8.0
-26.0
-20.0
-20.0
-1.179055120395332
-14.0
-6.0
-17.399848391550012
-3.976123939113693
-7.104467667500619
-20.0
-12.75388108675768
-10.0
-20.0
-28.0
-8.0
-18.0
-10.0
-16.0
-28.0
-14.0
-10.0
-24.0
-12.0
-7.988976195386741
-14.77581097274864
-17.65877096909029
-20.0
-12.093104877998153
-14.0
-8.0
-20.0
-14.0
-3.6121098460497505
-20.0
-3.045133245322154
-34.0
-8.0
-10.0
-19.93613528737257
-13.824977354864235
-13.032585180046219
-25.566642634148607
-4.0
-18.0
-5.707288472994511
-18.0
-11.712674545941175
-16.0
-8.0
-12.0
1.2249614241282445
-12.0
-28.0
-14.646163358120635
-10.0
-12.0
-8.0
-4.927906364568181
-4.0
0.5931286841294303
-10.95444612788892
-6.0
-16.0
-16.0
-10.0
-28.0
-12.715216442103742
-24.0
-26.0
-25.497157543256975
-9.583229537929181
-18.0
-0.5362438169217767
-12.0
-2.0
-7.515744498014197
-13.193482423745843
-16.15317262021822
-11.86488303313493
-3.8068184692018283
-10.0
-8.025669477870824
-18.0
-14.0
-13.77940916741139
-11.023243876417396
-19.451877053910742
-26.0
-16.0
-9.200044207857557
-16.0
-24.0
-14.022237985887685
-14.066304843669204
-14.0
-19.0
-16.0
-12.0
-7.758925207677705
-8.28756501530108
-0.6889988694243738
-8.0
-7.962943623528713
-12.0
-18.0
-8.0
-26.0
-8.0
-10.0
-14.0
-10.691485276223187
-12.952216499768468
-13.322712889999869
-8.0
-10.0
-21.865078058564038
-22.0
-6.978336879592328
-14.0
-15.875423881974847
-14.325794877434369
-9.0
-18.0
-6.0
-13.934406584482137
-5.678248699343711
-20.0
-30.0
-6.924543239977602
-7.868973013050256
-12.0
-12.0
-28.0
-4.0
-8.0
-24.0
-4.0
-12.853659277594463
-8.0
-6.234914033114718
-11.852961362146715
-18.0
-6.160950131712045
-16.0
-14.0
-12.0
-22.0
-24.0
-8.0
-5.5787325435252395
-1.561604704074883
-6.0
-4.0
-12.0
-14.0
-10.367679969604831
-18.0
-0.41010056127418193
-16.0
-8.0
-6.329758500685048
-24.0
-6.0
-7.0
-6.843015833564761
-6.0
-3.332561197041715
-5.56839138091651
-16.0
-6.0
-7.88103898242393
-5.569264837298823
-7.507560011393127
-3.8227403466832173
-18.0
-10.0
-14.0
-22.0
-22.0
-1.5585830241146073
-5.0
0.5285929109388463
-4.0
-21.062832442187837
-6.0
-13.48494749166577
-18.0
-5.52512439179952
-12.0
-19.86775232274458
-12.648443821555523
-5.0
-3.2590458300782372
-4.0
-18.0
-26.0
-26.0
-14.0
-13.948243572112798
-6.0
-12.0
-8.0
-6.0
-9.278153932039272
-1.2004162516251293
-18.0
-12.920082736221621
-10.0
-16.0
-18.0
-10.0
-6.0
-17.647072637404243
-14.0
-20.0
-6.0
-11.944953667023341
-28.0
-11.0
-18.0
-0.8771167701180729
-22.0
-1.1789892420531007
-8.956794666212467
-16.463187074816354
-24.0
-20.0
-10.0
-12.0
-26.0
-14.0
-10.0
-2.0
-8.930458976564148
-8.539077245266839
-14.965280788413754
-16.0
-7.043239230279398
-12.0
-12.69129906423493
-6.0
-16.083066199634136
-10.0
-16.0
-16.17451245856134
-26.0
-5.529849249199951
-10.0
-6.0
-12.0
-8.0
-22.0
-14.721574259697618
-16.0
-9.003258840623186
-18.0
-12.946108324376802
-9.827070613800243
-8.137488027881117
-16.0
-10.0
-12.0
-9.239849439354526
2.447872501952318
-14.67934405932073
-16.0
-11.034048229588516
-5.5703234077412525
-18.0
-10.0
-10.707648192345186
-6.0
-6.0
-1.2302023897103433
-14.0
-4.67105987526949
-4.0
-12.0
-10.0
-18.0
-3.0315192549884333
-14.0
-5.230366484474219
-16.0
-10.610829808900096
-15.009611486738649
-18.0
-8.0
-12.0
-14.827663590683084
-6.0
-24.0
-9.62216769032829
-13.251055780317994
-9.992097961898448
-0.038064890112820216
-9.801165300519507
-3.8033114052660206
-10.923181617187744
-10.0
-6.0
-5.563077213037587
-16.948567141723284
-6.078846891014107
-6.0
-26.0
-1.8556838870456582
-16.0
-10.0
-8.02613028965883
-7.762434329645127
-18.259554560310953
-7.255697354497682
-16.0
-16.0
0.1045287339944041
-20.0
-14.0
-3.458913256311855
-20.0
-6.0
-11.288444541955501
-18.0
-22.0
-8.0
-9.943353102627055
-8.0
-26.0
-10.477342528479673
-14.0
-18.0
-16.0
-4.0
-12.0
-14.0
-16.36911781553645
-17.20226966281527
-12.0
-4.414282935975952
-20.0
-8.0
-3.4935045934920574
-10.66439946267867
-22.0
-0.1301743846864878
-14.0
-18.71366999987423
-0.1727553457879436
-20.0
-6.0
-6.0
-11.208407027410464
-20.0
-28.0
-8.0
-16.0
-10.0
-20.0
-5.886879237475666
-13.443099269454162
-8.881710793107187
-20.0
-16.609114272914386
6.92706858665391
-19.4771356627467
-20.310799622972496
-13.113680254426402
-26.0
-10.0
-18.0
-5.964194712569309
-4.0
-6.0
-8.85815690469206
-12.0
-24.0
-11.843850035259727
-32.0
-3.6132219024274126
-19.898806339188663
-20.0
-2.941867494758694
-6.0
-8.0
-16.0
-16.62142253561969
-10.0
-12.0
-30.0
-20.0
-1.50574400928271
-10.0
-16.0
-2.924205451621101
-20.0
-6.0
-7.9024758187622535
-8.0
-8.0
-10.348061877816416
-16.0
-10.0
-10.240761514719722
-6.0
-10.0
-26.0
-10.0
-14.0
-12.0
-21.27054476251169
-8.0
-6.170412378679033
-10.0
-22.0
-7.906429387516163
-21.782580279527693
-11.211723098053824
3.6860950037777087
-16.60188905104323
-13.72135710895191
-26.734290714865146
-16.0
-14.0
-3.7539736389895975
-5.347409628268987
-4.607312884090927
-12.0
-12.0
-12.0
-5.170821528112266
0.2111922214659101
-18.0
-14.0
-6.0
-8.924873346358881
-16.0
-11.897262051551927
-15.504839049711189
-24.0
-10.0
-22.969537544662437
-6.0
-12.049571670427879
-1.1033163394216512
-7.39102080328905
-12.0
-14.16302599280487
-5.469002996662988
-6.0
-20.575346818198184
-2.6736225119705526
-4.879481510743711
-24.0
-8.0
-12.0
-7.867662811819447
-26.0
-24.0
-7.24222872808976
1.3513974121075882
-12.0
-21.229912771589362
-6.0
-12.0
-17.510527784765127
-12.276034036241375
-17.0
-12.0
-16.601174148816
-5.67637870126342
0.932075086964578
-20.0
-10.0
-16.0
2.525067028167463
-12.0
-6.0
-16.0
-8.0
-15.285760187686662
-8.0
-12.0
-6.190873625635747
-18.0
-13.915234831996898
-14.0
-8.0
-18.0
-14.0
-3.978945775112652
-18.05369023884233
-10.0
-20.123986444616065
-7.794975631816596
-9.413885524761188
-5.494821417531142
-16.0
-7.096833118293755
-1.6422851917342753
-7.163445078538191
-24.0
-6.709496863683006
-18.0
-2.8368932050737614
-36.0
-6.0
-6.253844223052421
-14.0
-22.0
-18.0
-8.698921051904076
-10.751768873272601
-20.0
-7.924974001305488
-18.56082285078979
-8.533247902448668
-3.668376381328169
-32.0
-8.53547727250814
-12.372477623789544
-30.0
-12.286661051456596
-9.04896708827535
-21.99792112250738
-6.0
-8.0
-28.0
-9.58892435041498
-24.0
-16.0
-8.0
-4.0
-32.0
-5.962970918611584
-12.0
-1.9483757404130557
-9.399001974299166
-12.0
-6.527868331461162
-9.52272654606779
-8.0
-12.0
-16.0
-20.0
-10.0
-6.0
-15.097399488517175
-10.0
-7.712367108909647
-4.375375943520073
-12.0
-6.0
-9.923580112620542
-4.470049333891024
-10.0
-5.594794640744478
-16.0
-23.955263187146482
-17.817051014435467
-10.0
-4.0
-22.0
-16.0
-1.2730264645011484
-19.524555532136702
-8.0
-8.0
-22.0
-8.0
-3.7246687707864474
-22.0
-8.0
-17.0
-12.0
-4.0
-3.293069421200176
-26.0
-23.122236676530168
-19.830589803537677
-10.0
-10.0
-28.0
-8.0
-5.846973327994555
-4.0
-4.0
-10.089836717098763
-14.0
-14.0
-16.0
-11.83160791405313
-15.338200079678376
-20.0
-23.780865546492755
-7.310821020528842
-12.0
-14.0
-5.673422764688267
-14.0
-6.0
-11.152118034181452
-3.0901563669636936
-14.0
-14.0
-7.313696674352401
-2.0
-12.94954885628221
-11.484984449686086
-6.980247596325837
-10.0
-10.0
-16.215090816923514
-6.0
-26.0
-13.972817452561245
-4.898195413613642
-9.868141659349977
-5.556687720794674
-10.0
-14.0
-20.0
-10.0
-3.880092734973793
-20.0
-10.0
-7.203357155414508
-12.0
-5.875364950059065
-14.0
-2.6505058402362778
-12.0
-2.0
-16.0
-5.916081312927872
-12.074570921281609
-11.0
-5.273801973882584
-8.0
-24.0
-9.587258469892333
-14.0
-14.0
-12.0
-5.1517607075129055
-18.0
-24.0
-22.0
-0.2824058078104681
-14.0
-9.852000732601507
-14.665327826717306
-6.0
-5.0
-13.771505705834144
-7.754439480098635
-12.0
-18.0
-12.0
-7.04121044448244
-4.0
-24.0
-6.0
-10.925104856696276
-5.163093529441754
-4.310895467590039
-20.0
-18.0
-2.5747502016070274
-18.875345212576995
-13.970068847201986
-12.253171933385197
-6.0
-16.0
-10.0
-12.0
-9.30686260278235
-11.725170475191721
-2.2936823109933977
-14.0
-26.0
-16.604610128574492
-22.178441418243082
-9.8688901318769
-18.70782847069972
-6.0
-11.37966184298723
-14.0
-8.0
-1.2725444423837198
-10.0
-6.0
-9.321639609229326
-16.0
-16.0
-24.0
-17.6602081089063
-18.0
-14.0
-6.44077914885124
-5.2125812024370335
-12.0
-4.0
-8.0
-23.922965727214194
-13.865380548814098
-10.0
-3.809620031740659
-6.0
-14.0
-15.533884184797706
-12.0
-4.726921548158119
-10.867093200631288
-24.0
-21.195753022063105
-11.371114390462523
-6.0
-14.0
-6.0
-18.0
-14.0
-12.0
-10.0
-12.0
-1.3584205577940884
-8.0
-8.0
-13.423492434628733
-12.0
-0.8058740146710006
-8.0
-8.0
-12.0
-8.0
-12.0
-2.0
-12.0
-16.0
-20.0
-21.668465146608018
-10.854839258481006
-8.25026687874858
-16.0
-6.0
-10.0
-12.0
-12.0
-18.0
-4.974128021507967
-14.0
-13.73305855107626
-6.570806759183162
-7.640031082980655
-6.0
-8.0
-10.0
-20.0
-8.0
-18.0
-8.0
-14.0
-18.0
-28.0
-4.0
-16.616294309766815
-20.0
-18.0
-18.0
-8.250568762054119
-9.785319673334143
-14.0
-12.0
-16.0
-10.0
-11.103146080081915
-30.942937930481033
-24.0
-8.0
-6.2474741756107095
-26.0
-34.0
3.434116006701535
-17.070753642033758
-20.26271764090828
-4.767783518506647
-24.0
-10.0
-16.0
-30.0
-26.844867179297648
-11.684262078800392
-25.14068330290825
-14.0
-16.0
-1.587737559265947
-6.0
-10.0
-16.0
-14.0
-8.0
-3.543392838732644
-8.0
-12.921233054846239
-13.275588589264597
-14.0
-14.264623566966101
-18.0
-4.022149817592483
-15.42953312682101
-16.0
-22.0
-8.0
-9.055427238307363
-22.0
-24.0
-22.0
-14.0
-8.0
-6.0
-18.082470661183848
-22.0
-12.246483063670961
-16.546863052386296
-10.0
-26.0
-7.183813753351999
-5.8153020266023185
-12.0
-8.0
-2.9413174048061843
-5.9638925643512675
-12.851872399543531
-9.311000793306508
-4.0
4.05558379576364
-16.0
-12.0
-3.7866620950638223
-12.0
-18.840842620829726
-14.0
-18.0
-14.0
-14.0
-22.0
-3.0
-6.0
-14.0
0.3773058009767416
-12.0
-12.0
-8.0
-12.587669487217896
-6.410304666696744
-12.0
-16.0
-30.0
-8.0
-10.0
-14.0
-24.0
-16.0
-5.914121718835883
-13.0
-6.855382693733365
-16.0
-10.0
-22.0
-11.957803321395186
-17.440606922920708
-26.59274199157153
-18.0
-7.664083997764473
-28.0
-6.0
-13.787754920499392
-12.0
-14.0
-13.569366470621485
-16.0
-18.0
-26.0
-8.689294168022899
-8.251460570518674
-12.0
-13.418149702306248
-10.163039390959346
-3.51891546121142
-28.0
-20.0
-7.0676226610251565
-20.0
-13.377551803081221
-18.0
-21.883440827074324
-12.0
3.179623937784589
-10.0
-20.0
-16.0
-26.454081612793665
-6.470668599737148
-6.0
-6.0
-16.33727000617933
-18.8458909693246
-10.0
-5.615319190108695
-16.0
-22.0
-22.912236623919007
-4.0
-15.72934877063072
-10.0
-14.0
-9.88131216230385
-16.0
-6.0
-8.0
-2.05091590230142
-17.344000999805807
-4.99937141211363
-27.439672718716086
-28.0
-8.0
-14.0
-14.0
-6.749039642666988
-6.090667505942379
-16.0
1.6490019372884186
-12.0
-22.0
-18.0
-10.0
-9.0
-8.0
-20.0
5.702497411078152
-9.0011039971487
-24.0
-5.980482985378869
-2.0
-6.654142137605102
-4.0
-30.0
-14.368451051350739
-12.0
-5.715751170752918
-14.9687222835536
-16.0
-15.112403013560293
-6.0
-6.0
-8.0
-6.0
-24.0
-24.0
-12.454379559971565
-8.408041262102742
-12.847610742511172
0.2006550048941831
-10.29471436301372
-7.598892215896273
-7.499609674181121
-10.69646759305286
-12.0
-4.43818604763114
-9.406725364995467
-17.817731787400938
-32.0
-10.0
-20.0
-6.0
-4.0
-6.0
-6.0
-11.977301144764576
-22.0
-7.713712509905148
-22.0
-10.842899593283887
-14.0
-8.0
-8.0
-10.0
-28.0
-7.538232727171291
-6.362598767520963
-10.0
-21.009389929928968
-6.0
-8.434686267799723
-8.0
-24.0
-16.0
-14.0
-14.0
-12.0
-17.979412369578903
-4.660205686904019
-12.0
-6.0
-16.0
-8.0
-15.006669796888051
-23.94992104250749
-10.0
-1.307221444062554
-8.502440936602003
-14.0
-10.0
-16.0
-20.0
-3.5720081220480258
-1.5480724174860263
-14.146571715599146
-6.42879325254586
-20.0
-8.21929874081145
-6.0
-12.0
-16.0
-23.10415944451098
-9.0
-17.422961249410072
-10.67617025157869
-8.01680410296623
-19.351330407711487
-12.0
-6.057617204885204
-12.969238315796183
-22.0
-11.571513238893338
-10.0
-18.0
-10.0
-6.973930506171206
-4.873247168526535
-10.0
-14.0
-8.629380893081864
-8.0
-8.147357163719176
-10.0
-20.0
-18.0
-9.771091952378697
-8.0
-3.968769718236893
-14.0
-16.0
-10.0
-18.0
-19.0
-6.0
-19.370270907937066
-24.0
-14.0
-20.0
-5.867669290592947
-4.0
-25.358318950475958
-12.0
-10.0
-13.90099108427822
-3.7203345233482725
-4.824971736628085
-13.904722408691914
-21.623289043202824
-5.738786021808611
-9.362087394602282
-16.0
-10.0
-15.0
-14.0
-3.4593730878849165
-24.0
-18.0
-12.59824876938136
-22.0
-13.734477298727171
-10.0
-8.0
-10.0
-11.881076195772895
-21.75372046443759
-1.808718719264271
-10.0
-21.134615547708584
-8.0
-12.0
-6.0
-10.0
-20.0
-12.0
-8.81
-24.892009013154436
-14.0
-20.401844089526556
-11.661439067359144
-6.0
0.0
-8.0
-6.0
-28.0
-17.889958242662114
-14.0
-22.0
-12.0
-14.0
-20.953896115436105
-18.0
-5.4545923716492295
-16.0
-10.0
-13.908458073667061
-10.0
-18.257855006361833
-28.655420817093496
-14.83262672731233
-14.0
-6.0
-6.0
-20.0
-6.0
-13.0
-10.0
-3.9364614450612305
-14.0
-8.0
-16.0
-8.0
-5.800283748680976
-12.0
-11.351283861589032
-10.0
-3.3690143943317317
-18.0
-14.0
-4.0
-20.0
-7.90450324933516
-3.0
-14.0
-12.0
-7.681925402580142
-20.0
-11.082611793971463
-12.0
-5.2897652801802675
-5.913068079966262
-19.778865545643384
-14.0
-8.0
-22.0
-8.0
-6.02757347392908
-4.0
-1.3092849324727798
-10.708718013873874
-8.436373108946594
-16.0
-16.0
-16.0
-2.907481113846087
-8.0
-9.546353355740175
-13.999918539593047
-10.0
-8.0
-0.26898138819796813
-10.0
-22.0
-9.847945156364286
-20.0
-12.0
-8.0
-16.0
-16.0
-16.0
-8.0
-22.0
-17.580328460031822
-7.64921356343096
-4.131864997285403
-14.0
-12.0
-4.0
-6.981087212866363
-4.99992233512636
-20.077127055788036
-6.0
-13.269531051219364
-12.0
-19.978060655074742
-16.0
-11.381412219935093
-14.0
-20.70059051097477
-12.0
-7.495131810834408
-15.965574741439287
-10.0
-20.273464972647716
-6.7199894579340524
-15.339190669651803
-12.0
-9.97576750821085
0.29441721443638147
-12.0
-20.0
-24.0
-19.39527451206539
-18.0
-11.3638598977937
-5.983670340435687
-8.0
-10.0
-14.0
-14.0
-6.5696750703868485
-2.822437705154413
-17.271791555573536
-24.0
-18.0
-2.5771842093678017
-10.0
-4.487076973625934
-8.0
-10.892428526394273
-7.902641452289554
-24.0
-12.0
-10.0
-4.0
-22.0
-3.713866220286944
-10.0
-9.2743271376759
-22.0
-15.108133707128665
-30.0
-12.0
-12.848023935550339
-12.0
-20.0
-11.370074642636924
-24.0
-6.0
-14.0
2.42530646351955
-21.849081218694366
1.1564057620431059
-8.245654699778273
-9.110434721680402
-2.0
-11.557874561241443
-13.710078733095896
-11.949846685841877
-16.0
-11.126636641509933
-26.0
-18.223598461359003
-19.998966061073258
-16.0
-22.0
-26.0
-14.267533361777993
-10.0
-3.9756378476287906
-2.294783052226615
-24.0
-8.0
-10.0
-16.0
-6.167038373832933
-7.0302246796912895
-10.0
-8.0
-12.0
-11.72218698203977
2.0053495633622567
-5.676274192979293
-14.0
-7.889960556216011
4.2556058863083575
-8.0
2.225475701369848
-12.0
-15.468149049144401
-12.0
-22.671339736135394
-8.0
-8.0
-12.0
-6.0
-11.30380420852384
-20.0
-6.0
-7.753613965778172
-10.0
-7.767331509380057
-4.0
-17.45934269952187
-10.0
-0.2569160359340832
-15.569862864297619
-8.465341699025775
-4.0
-12.0
-17.145705340297386
-16.0
-6.0
-6.0
-10.848337879691066
-14.977524037492229
-12.0
-10.0
-8.59110242336802
-10.0
-10.0
-14.0
-3.9479468591129887
-0.6567059352275075
-13.609395191964317
-18.0
-14.0
-6.0
-10.0
-15.850977410061128
-16.0
-30.0
-4.0
-5.86105100879852
-18.0
-17.852805514801943
-9.882418467020095
-9.152852495241678
-10.798054622187355
-3.2934013674415885
-10.0
-6.375088312163295
-14.0
-1.9914384293477911
-14.0
-5.177908304030544
-14.0
-6.0
-7.0
11.242669616897098
-22.0
-4.0
-8.0
-4.0
-11.247475437043356
-4.153008819282158
-18.0
-10.0
-8.0
-10.0
-5.9313415080267475
-8.0
-9.320605621191264
-14.0
-18.0
-12.0
-8.926652333803892
-19.998665600734924
-14.0
-14.0
-16.0
-10.0
-8.0
-6.95672427116207
-9.929158066851183
-11.33160208137841
-26.0
-5.0
-20.0
-8.0
-8.0
-12.766906688567074
-10.0
-18.0
-12.351289903921806
-8.0
-9.774328857334057
-18.0
-15.961180975622597
-2.7874886154217773
-6.0
-14.0
-5.5290901406823805
-8.0
-2.5653992194226687
-8.39298224673745
-6.0
-12.753850328483015
-10.0
-26.0
-4.0
-17.89845850227439
-13.0
-4.0
-10.0
-2.693534823699925
-14.0
-10.0
-18.0
-11.92936827417957
-10.0
-6.875232290657767
-8.0
-19.904352233054606
-18.454433660698484
-14.0
-20.0
-10.299704811727647
-9.649085562426677
-11.404572450913532
-9.606598999287021
-4.0
-5.754346500347019
-10.0
-8.506955693077455
-24.0
4.635031905106749
-22.0
-14.0
-13.299714791273995
-14.0
-16.0
-14.0
-1.489529561417977
-8.0
-10.0
-10.0
-12.0
-12.0
-15.670521912000877
-18.0
-8.0
-14.0
-8.0
-26.0
-4.0
-18.0
-10.0
-6.0
-20.0
-5.911164568322633
-12.0
-14.0
-6.0
-22.0
-3.4434112986044814
-16.0
-10.688659778209727
-15.0
-4.0
-9.627284560663831
-12.0
-3.7505389507245948
-16.0
-8.0
-7.7236093185217225
-18.0
-8.0
-18.756338996835463
-18.0
-22.0
-10.692918954739307
-16.0
-15.585592605419363
-22.770229667704033
-22.0
-6.0
-8.0
-12.0
-10.237687975182372
-6.0
-1.0
-20.0
-14.0
-8.0
-3.449919457889134
-16.0
-24.0
-6.0
-9.471379935139021
-32.0
-20.0
-14.0
-6.0
-10.0
-13.613750480955039
-0.49302862000743497
-12.395856372600628
-10.0
0.6680502819468863
-0.26222261676456515
-6.0
-0.2718742471095419
-4.4711941277007
-14.0
-17.930725245019744
-12.0
-20.0
-14.0
-8.0
-16.0
-12.0
-26.0
-16.0
-24.0
-20.0
-19.33583839193146
-12.705408099614024
-12.0
-10.0
-11.311047411137993
-4.937158075965054
-10.0
-10.0
-22.0
-16.0
-6.0
-2.0
-10.0
-4.605200922835568
-8.0
-18.0
-7.544064567017134
-3.882057950233368
-6.722183198229796
-11.645517596735502
-4.106221988927908
-10.757839192575236
-15.943156944676801
0.7441786239418713
-13.00348205543933
-12.0
-15.926115990597129
-21.792542579720248
-12.0
-18.0
-16.0
-13.0
-11.970368895727534
-6.5695840650462305
-11.57548059646943
-14.661460730059886
-10.355036705107345
-7.0
-10.0
-5.959105773504605
-7.889858381742804
-20.0
-22.0
-11.888782768109824
-12.0
-8.0
-28.0
-8.518347998785973
-19.883363128632823
-5.5669448212667625
-19.44030867355388
-16.0
-8.0
-14.0
-29.799576282978585
-28.0
-12.0
-14.0
-6.0
-14.0
-7.939327866208779
-21.110335430114073
-12.553408739166988
-6.0
-20.0
-14.0
-18.0
-16.0
-16.0
-13.918380876415242
-26.0
-8.0
-12.0
-8.0
-16.0
-12.16519752547034
-16.0
-16.969129792169753
-22.0
-12.0
-12.0
-13.942660372946364
5.667162094176585
-6.0
-14.0
-6.0
-32.0
-8.0
-14.0
-9.65154508258935
-8.0
-18.0
-13.72495335358168
-20.0
-5.639978086481487
-22.0
-30.0
-12.0
-22.0
-2.2419681692090156
-3.6086644034852275
-4.0
-5.704396888879735
0.0
2.509543835570091
-17.48279534400078
-14.0
-12.0
-7.0
-9.853660501099103
-32.0
-12.0
-26.0
-9.358114779642998
-24.0
-7.754936258891113
-2.0
-4.430319263443061
-4.6775421885888875
2.608240935050483
-26.0
-7.965157693666535
-2.8897805902523164
6.464725390275886
-14.0
-26.1814434455678
-8.856690532579425
-28.0
-30.0
-30.0
-16.710186599734314
-36.0
-7.772090907005385
-28.0
-32.0
-18.0
-4.0
-18.0
11.150874584710294
-4.0
-10.201061436650194
-12.0
-32.0
-14.406282949633878
0.609373647845131
-18.0
-2.0
-8.0
0.0
-11.938384740861302
-0.44622632086752645
-5.501760510121087
-12.896301326509079
-1.6687576291496726
-26.0
-28.0
-28.0
-4.0
-10.0
-34.0
-10.0
-5.080178886329523
-6.0
-4.0
-30.0
-6.77551879658637
-7.6080554557190965
-3.748613202041331
-12.313494385181297
-24.0
3.6090925598904278
-8.0
-18.0
-16.0
-4.0
-22.0
-6.0
-34.0
5.380209677103387
-10.364495642352017
-24.0
-8.916274235422964
-22.0
-4.0
6.482174149558178
-22.579701351663722
-12.0
11.642337129266433
-8.0
-10.0
-10.0
-2.0
1.1990860682070799
-30.0
-14.0
-32.0
-16.0
-12.0
-7.944938886921327
-1.1406172765217892
-32.0
4.020530708837631
-2.1181728828765474
-2.0
-9.026122258772658
-28.0
-13.171996718668728
-8.174183525941075
-28.0
-14.0
-22.0
-10.0
-30.0
2.003951658021811
-2.080871137149304
-30.0
-10.217616870254277
-6.6581860265027775
7.706998999744793
3.2543072329411666
-6.0
-13.0
-26.0
-32.0
-2.0
-30.0
-20.0
-30.0
-1.1145802495354558
-4.890492265660697
-2.875399960170398
-4.0
7.500030493630812
-8.129745158921624
-7.738949427443627
-30.0
-26.0
-30.0
-10.0
-6.0
-6.606459936439131
-24.0
-22.0
-18.0
-9.520868886374684
-4.0
-9.3772882066346
-22.0
-6.0
-0.1340964073040194
-32.0
-21.890278769828363
-5.367133029515015
-6.0
0.0
-25.55041926939075
-2.0
-2.0
-30.0
-3.928770968951339
-3.7279390039661178
-12.0
-10.0
0.0
-10.0
-3.995110307814788
-2.0
-30.0
-24.0
0.4614682849647016
-12.0
-30.0
-22.0
-9.330958210262317
-30.0
-8.631870987643904
-30.0
-13.0
-10.0
-32.0
-20.0
-22.0
-16.0
-24.0
-28.0
-10.0
-14.0
-18.0
-14.0
-8.0
-8.0
-8.0
0.2025099520348892
-2.0
-4.919389637270246
-9.348224633183051
1.356443400885688
4.18667353952716
-24.0
-13.5895739665609
-16.0
-8.321878369249173
-22.484832169003273
-4.0
-11.855434461411182
-8.0
-26.0
-6.0
-13.0
-8.0
-18.0
-10.0
-8.0
-14.0
-14.0
3.493129274070741
-24.0
-22.0
-4.0
-16.0
-10.0
-20.0
-5.306869268333352
-30.0
-7.328618021859858
-4.437754114222772
-4.8011729408409085
-17.1819871386048
-16.929765794628906
-0.3015432387065742
-26.0
-6.0
-20.965500199899815
-18.0
-12.41311370105586
-12.982931770094146
-30.0
-16.0
-9.81941309730005
-30.0
-30.0
-2.0426523928179705
-6.0
-30.0
-12.739036936636948
-22.0
-16.0
-6.0
-0.7261627420688845
-13.598908169924064
-8.0
-2.0
-24.370078573059626
-0.79730178516127
-1.1321892558952142
-28.0
-1.6824827243232559
-4.879802185257329
-6.792258543067462
0.0
1.2294959449875398
-14.0
-1.8330828710399965
-32.0
-12.0
9.421100866824828
2.011816306050018
-6.0
-11.667574646245697
-26.0
-14.0
6.431234370032856
-4.0
-26.36551261647369
-12.0
-4.0
-12.0
-12.0
-22.0
-30.0
-4.0
-7.0
-0.9945953300909935
-20.0
-27.268285624585225
-8.0
-10.0
-32.0
-23.710922879339343
-4.0
-22.0
3.2255289810088987
-16.0
-22.93770044697859
-12.0
-30.0
-28.0
-15.0
-4.0
-4.675854344694592
-30.0
-12.0
-3.9833260454916735
-2.0
-30.0
-24.0
-5.263412308289137
-5.102656031074652
-3.2658532136406686
-4.0
-2.8032930224291794
6.994833607453801
-9.765733137432782
-27.280196486302785
6.7243510115470135
2.4791251820031115
-10.0
-22.0
-12.0
5.78267448552022
-26.0
3.3735277233306222
-12.0
-0.20241525685829131
-16.0
-24.0
-2.010887243395396
-1.600199129765706
-10.0
-2.0
-6.0
-8.0
-4.499239959072577
-11.720541339596874
-8.0
-28.0
-12.339334046737084
-11.516599211984055
-8.0
-10.0
-6.0
-26.0
-16.0
-1.0
-30.0
-10.0
-4.318142758485155
-32.0
-12.0
-28.0
-6.742116144130368
-12.0
-26.0
-10.0
-30.0
3.7620952274102875
-6.901467159048233
-7.791773091512458
-13.251459083754277
-6.0
-2.0
9.427510500633762
-28.0
-11.945090811062268
-10.0
-10.0
14.07440013686999
-10.0
-30.0
1.256538042089634
-12.0
-1.7448119584192643
3.546806268156504
-16.0
0.0
-6.830683455355585
-22.0
-30.0
-30.0
-6.875446466363417
-24.0
-8.0
-14.0
-4.078266911644182
-23.92287222205339
-6.0
-9.77869562863499
-24.0
-8.0
-8.0
-4.163509783962738
-15.451381169067306
-8.0
-13.726473555042132
-12.0
-30.0
-4.188797720312097
-30.0
-0.8581412638962675
-10.0
-8.0
-8.0
-24.0
7.2028616589173655
-28.0
-26.0
-11.160648308736908
-34.0
-22.0
-12.0
-14.165077630187346
-24.0
-2.0
-30.0
-24.0
-9.91862031820185
-12.764169303571972
-12.0
-26.298741322980014
-24.0
-14.0
-2.3975290274624386
-26.0
-14.0
-0.6639922901730504
-5.087085712063946
-4.0
-30.0
-9.43743914521656
-10.0
-1.8600185196282562
-11.999624622123477
-12.0
-18.0
-24.0
-14.0
-0.8147140051667252
-10.0
-24.0
-5.170491012075063
-14.0
1.18404882808688
-24.0
-26.0
-20.0
-2.0
-12.0
-12.0
-30.0
-2.487282482261866
-0.6847028179606056
0.0
0.0
-32.0
-2.0
-5.9873251808465415
-12.0
0.0
-24.0
-32.0
-28.0
-8.0
-5.76850070300525
-19.865873927683776
-26.0
-2.774157190704982
-23.221813828862803
-24.0
-28.0
-28.0
-24.0
-30.0
-19.95321222821726
-30.0
-2.7233723040464106
-12.0
-6.0
-9.414265704009315
-20.0
-29.870175226948632
-0.44448175108708066
-6.0
-12.0
-4.0
-2.0
-3.535720332933522
-8.0
-14.0
-10.0
-14.0
-10.0
-7.532503084180165
-13.67963243136162
-18.0
-4.564165167485822
-6.0
-30.0
-1.7513508955188117
-8.0
-26.93536609183313
-30.0
-14.0
0.0
-4.88510297665264
-10.0
-12.0
-4.0
-11.729278319385223
6.47405055273496
-30.0
-26.0
-8.0
-28.352236971717886
-36.0
-14.0
-12.0
-18.615660931825825
-34.0
-28.0
-24.0
-30.0
-7.154227085505143
-6.01713131212812
-16.0
-11.0
-4.0
-28.0
-32.0
-6.0
-12.0
-23.37306186960243
-2.850341632805584
-10.0
-4.0
-4.242611589358346
-7.097668968725656
-0.7824385386854682
5.932623203697975
-16.0
-16.0
-4.0
-11.509412439824528
-12.0
-22.0
-20.0
-8.0
-1.2201506423011108
-4.629835654419129
-0.8807239343225906
-3.371013235227025
-24.0
-2.6828455324260667
-11.955952567206664
-16.0
-8.0
-23.456649894281004
-32.0
-18.0
0.0
-8.222758739165672
-24.0
6.297669348721904
0.33645562149344865
-11.141886386226933
1.6699310250126813
-34.0
-12.0
-3.440054144173317
-10.0
-13.799199744811599
-6.0
-3.325704358640408
-5.28398634542032
-14.127398761780864
-0.5154799432149146
4.979246180391066
-16.0
-4.0
-28.0
-12.0
-24.0
-2.7547291827286067
-28.0
-10.0
-30.0
-12.0
-0.35404608526994075
-32.0
-9.276884554812115
-30.0
-14.0
-12.332628321213754
-22.0
-14.0
-8.0
-23.95928365895242
-28.0
-30.0
-10.0
-16.0
1.9501083376107333
-18.679555288132768
-9.89465721573529
-12.0
-6.0
-24.0
-16.0
5.279860925776402
-10.819206184246205
-25.65423079988699
-16.899786388947806
-10.0
-28.0
-3.33107904009778
-24.0
-3.2999276475727335
-4.0
-23.903080707940298
0.5388072323367479
-10.0
-25.658213801464804
-8.0
-28.0
-6.0
-25.827659553750202
-6.0
-12.0
-12.507136687065733
-28.0
-30.0
2.0042526103833764
-0.3939150249380541
4.0655590262941566
-17.0
-30.0
-10.566744877665474
-18.0
-28.0
-4.0
-10.0
-8.0
-8.0
-1.130440241652734
-6.0
-6.0
2.588210527670615
-1.743364006800927
-26.0
-20.0
-18.0
-22.940835169309608
-30.0
-30.0
-28.0
-18.0
-32.0
1.9255649934406254
-16.406890136357102
-30.0
9.111546453478953
-1.0
-24.0
-22.0
-30.0
-8.0
-12.031645174142248
-6.0
-10.0
-6.0472693750103845
-18.0
-12.0
-30.0
-28.0
7.369274092949819
-20.0
-12.0
-22.0
-14.0
-12.783504684062446
-2.9443495965906754
-4.0
-0.5788321283021665
-11.78723831617687
-30.0
-7.483882147949377
-4.0
16.59024140416193
-20.0
-15.923720891769833
-2.148247832468189
-6.0
-12.0
-15.437580434517345
-24.0
0.5017590502848686
-7.515793854136323
-20.0
-12.0
2.040789887963522
-8.60107800027157
-32.0
-8.304464555252856
-34.0
-28.0
-3.0
-6.0
-18.0
-13.627478600305576
-12.0
-30.0
-4.0
-6.490262976810126
-32.0
-22.0
-30.0
-6.0
-10.0
1.408656364686113
-30.0
-16.0
-34.0
-9.917876014908243
-30.0
-0.366529487929514
1.771858072984597
-16.0
-0.6508558960034622
-20.0
-8.0
-3.4034323969967293
-8.165581375362645
-29.92207584504076
-2.6811454725253956
1.2694515600423646
-12.0
-8.585021753807514
-8.800778693148906
-28.0
-7.9560055852685565
-12.0
-5.884131976000937
5.543602436666447
-30.0
-14.001791282314326
-2.0
-5.551157495103489
-8.0
-18.0
-18.0
-30.0
-2.4167202557706124
-15.066129240133353
-14.0
-16.0
0.8904823768871606
-22.0
-10.0
-28.0
-28.0
-12.0
-24.0
-8.935342568513924
-8.0
-32.0
-22.0
-12.0
-20.0
-13.144319785910323
-6.0
-20.0
-32.0
3.823611173476901
-26.0
-6.0
-5.292128423612367
-0.8183706174812819
-11.959437737413205
-24.0
-4.0
-12.0
-15.47938917714679
-4.885399103209405
-6.918003898887713
0.5605274040883814
-8.0
-2.0
-2.0
-2.0
-6.0
-20.0
-9.669202003929787
-3.07914529128732
-34.0
-30.0
-16.0
-2.0
2.9322592597561568
-9.0
-4.0
-12.0
-10.970306838747895
-14.0
-19.920765130912105
-10.0
-6.0
-2.0
-16.0
-34.0
-20.0
-26.0
-32.0
-10.0
-11.0
-30.0
2.1753439246045536
-14.0
-19.988791662289014
-8.0
-8.60469121090134
-24.0
-7.297246007602111
-8.0
-26.185369264766166
-25.483976389772103
-10.0
-16.0
-30.0
-6.0
-9.78708526435777
-19.669818037220413
9.774437350556981
-6.0
5.618351624994482
-10.0
-16.0
3.7527203890476306
-6.0
-6.0
-34.0
-28.0
-2.7153801712529777
-2.186922953791686
-14.0
-26.0
-2.0
-22.0
2.155035726540912
-30.0
-14.029196037849475
-4.0
-14.0
-28.0
-30.0
-8.0
-16.904050821273323
-14.0
-23.158092454871788
-12.0
-8.0
-0.930675435465453
-16.0
-30.0
-5.982805623913632
-32.0
-6.0
-12.0
-16.0
-14.0
-4.528077839321892
-14.0
-12.0
-4.618027668820914
-30.0
-7.689557660331831
-12.0
-4.942913216417554
-30.0
1.7242273474330203
-14.0
-4.0
-18.0
-30.0
-1.0106533768111792
-26.0
-14.0
-8.0
-4.774338873361195
-4.0
-2.749538527191369
-4.0
-23.526190855148666
-30.0
-22.0
-0.8361106395064462
-22.64739470337007
-9.911105873303182
7.778485236024853
-28.0
-30.0
-30.0
-6.556814506917014
-8.0
-28.0
-4.512796223430038
-14.0
-7.2709662244867665
-16.0
-4.0
-12.0
-4.532227050548742
-8.862782695548397
-28.0
-5.986545399046507
-14.0
-30.0
-3.1210711941980307
-4.580070541689308
3.62830726394108
7.033943414121941
-13.991178287538718
-34.0
8.488666060272324
-30.0
-4.723159389631665
1.809926482842954
-14.0
-9.564562708817348
-8.0
-14.0
-20.0
7.358678362824392
-6.946260289482437
4.2715647164195305
-16.0
-20.0
-4.0
-8.0
-26.0
-3.3107362288981763
-24.0
-30.0
0.0
-19.134202704585974
-10.0
-3.9866945789153143
-12.0
-18.0
3.2541993032415384
-30.0
-8.01414350874125
-6.0
-6.0
-2.0
-10.0
-15.798019078087448
-12.0
-8.0
-17.9784714744795
-23.899516924390984
-17.793900544309775
-32.0
-4.973287164115872
3.5472330724156027
-12.0
-10.746623986561351
-6.0
-3.7275104946338735
-2.0
-11.33002254058417
-28.0
-10.94409709654611
-14.0
-2.234525738226764
-28.0
9.047921991021557
-1.6813136921053538
0.11417747536303466
-26.0
-9.80328756664213
-30.0
-30.0
-30.0
-12.0
-3.2208444860458476
-12.0
-6.439696404311928
-28.0
-18.618835392333207
-28.0
-30.0
-24.0
-4.0
-4.0
-24.0
-38.0
-22.0
-26.06466878802258
-28.0
-4.0
-10.0
-6.0
-28.0
-30.0
-11.277999597920285
-12.0
-16.904866240257284
2.8326261938204538
-5.472244317005982
-22.981536024716693
-16.0
-10.0
-32.0
-4.0
-12.0
-30.0
-12.0
-4.0
-28.0
-28.0
2.848376269289796
-14.684677401417002
-32.0
-10.0
-19.491976508507783
-12.0
-32.0
-17.5771504972142
-26.0
-12.55106656595553
-32.0
-30.0
-30.0
-10.0
-26.0
-6.0
-8.0
-12.0
-3.951784933013537
-23.36530759638616
-6.0
-26.0
-8.0
-14.0
-8.0
-30.0
-30.0
0.0
-6.0
-15.322708902844077
-10.0
-6.0
-11.425325735058784
-22.0
-12.0
-2.6512698813985995
-12.548451167299723
4.0702721408216025
-8.0
-7.192746768406028
-0.5529697272458716
-28.0
-11.475387397050493
-8.0
-32.0
-14.0
-16.0
1.0
10.009517237155308
-19.25924031617442
1.9366016370328367
-30.0
-4.0
0.0
-2.0
-26.0
-8.722823492722341
4.875346095493803
-32.0
-14.0
-18.0
5.770562717769975
-26.0
-2.620102980366032
-32.0
4.144182299194531
-30.0
-34.0
-14.0
-4.509298557487778
-22.0
-22.0
-16.0
-4.0
-14.0
-8.0
-12.0
-30.0
-4.98038478833704
10.483726947593468
0.0
-26.0
-10.0
-6.0
15.961749772739257
-4.162410962099427
-8.334488579456206
-30.0
-4.0
-28.0
-11.502065212131686
-19.304528097645296
-22.0
5.705476584492523
-30.0
-16.788950856716596
-26.0
-12.0
-8.602423216961473
-36.0
-22.0
-30.0
-11.112334889171827
-12.0
-12.0
-14.6814431307745
-28.0
-24.0
-12.384282582833585
-26.0
-24.0
-2.0
-4.230909693138092
-30.0
-22.0
2.6115216458024424
-25.43746653056527
-6.0
-16.812363910078716
-8.0
-4.0835574201594405
2.2755223996793217
-18.407210654717936
0.0
-2.0
-13.752319615797962
-8.804600811854922
2.1742507158283946
-8.0
-10.0
5.294435787166673
-2.0
-30.0
-10.0
-30.0
-14.0
-6.720254254473948
-4.0
2.327622038181298
-6.0780690465549725
-10.0
-4.0
-28.0
-30.0
-8.0
-10.0
0.0
-14.0
-16.0
-30.0
-28.0
6.361690081982969
-10.0
-20.0
-15.490230698227217
4.945207330241095
-4.0
-1.633275489916918
-5.787130006223273
-10.0
-15.596331275060887
-22.0
-30.0
-4.0
-8.0
-10.0
-10.0
-20.0
-18.0
-26.115497478327782
-12.0
-32.0
-22.0
-24.66905450074941
-34.0
-29.903223078131766
-10.0
-30.0
-20.0
-10.0
-6.859341932110246
-1.9773879707869009
-30.0
-28.0
-3.0
-10.915310745381685
-28.0
-14.911666916374326
-20.0
1.4209901399471976
-8.755100716523112
-30.0
-30.0
-30.0
-26.0
-20.0
-7.375265492333845
-15.99851127392925
-4.0
-7.069132875979244
-5.110135353893622
-3.590845428193572
5.24412768762894
0.1724867606614522
-26.655563744305958
-4.0
-28.0
-16.0
-30.0
0.0
-14.0
-26.0
-30.0
-4.542181566337933
-1.0747195945980534
-3.396592634142449
-4.0
-13.468569980335321
-7.341889030987108
-30.0
-6.485667264546873
-12.49879291915429
-12.0
-10.787050405314314
-2.0
-4.0
-15.633436120792336
-8.740842053063389
-24.0
-18.0
-30.0
-10.0
-1.8343464067619486
-28.0
-32.0
-21.499520475417064
-18.0
0.0
-1.9105363829394642
-6.0
-7.189564265583877
-11.489194239038717
-28.0
-6.0
-14.357356834405515
-30.0
-11.56153416865119
-10.0
-1.6459440043279185
-34.0
-19.32776410951987
-30.0
-3.62319673940143
7.621231704553599
-5.680625310013951
-28.0
-30.0
-32.0
-6.0
-14.0
-12.0
-7.056979843272051
-10.547936552602236
-18.0
-4.0
-9.101126879793192
-17.365853006259453
-22.0
-6.0
-16.0
-17.06101802812303
-5.156883946137745
-8.0
-8.0
-32.0
-14.0
-6.0
-10.0
-26.0
-30.0
-17.28654191682728
-10.0
-18.0
6.556482786726802
-22.0
-32.0
-30.0
-2.852082759026505
-15.498229923356751
-18.0
-26.0
-24.0
-20.0
-2.0
-18.0
-4.0
-4.0
-10.0
-14.0
-30.0
-10.0
-14.0
-18.67709223236358
-6.315529353510939
-12.0
-10.0
-10.720694326333817
-18.0
-10.0
-18.0
-34.0
-7.747769923572733
-5.251098958972941
-1.998573036504078
-20.26109287382729
-7.0623934918294164
-26.0
-4.953166882395193
-18.0
-18.728306652588564
-21.672644366124743
-30.0
-16.0
-4.0
-26.0
-5.0
-30.0
-7.8319527274827045
-14.0
-16.0
-31.44978171748113
-1.6239394554223614
-26.0
-30.0
-22.0
-2.0
0.10625239161259703
1.953022919045711
-32.0
-28.0
-12.0
-18.0
-32.0
-26.0
-18.0
-13.36004103009995
-20.0
-10.838976495620178
4.830697669447888
-2.0
6.493798128322138
-4.0
-28.0
-6.095425707357459
6.834909954755066
-5.375406788922464
-8.0
-32.0
-2.0
-15.95239073227899
-20.0
-12.0
-28.0
-7.976919487978187
-4.0
-0.6994136200752292
-17.0
-0.7575614051618293
-12.0
-5.479386456520439
-8.0
-32.0
-14.0
-9.0179330345077
-24.105347886677585
-9.766083337386556
-30.0
-30.0
-22.0
-8.668128373967203
-28.0
-7.682446491271335
-6.0
-8.318672748745746
-14.0
-6.0
-10.0
-20.0
-18.0
-22.0
-1.2894525778091857
-4.0
6.209119267311442
-28.0
-20.0
1.3841076344864742
-7.759376378116384
0.6716083733493192
-4.67421141491279
-10.0
-4.0
-30.0
-24.0
-28.0
-28.0
3.2300402906198045
-28.0
-22.0
-6.0
-18.0
-1.835237225520837
-30.0
-4.0
-32.0
-8.0
-17.038579055918536
-2.866725583470768
-17.19976642650142
-6.0
-20.0
2.0
12.638650880753294
-12.0
-11.685778562021465
8.96149422085168
0.0
-29.108745089190307
-26.0
-10.267547297209232
-9.0
-6.0
-30.0
-12.0
-10.0
-17.99982022428548
-5.0
-12.849717319925489
-16.0
0.25163330777488013
-18.0
-3.9255852109863203
-4.0
-17.831129653262245
0.0
-2.215914168528797
-24.0
-16.573384000003323
-30.0
-7.236699014237431
0.34516756627500245
-6.0
-27.277829010937694
-2.906765465391045
-8.0
0.6255961209550964
-26.593213602685246
-30.0
3.162374683264704
-30.0
-12.763552000565394
8.449871887999329
-8.369871012982863
-8.0
-6.413011004232285
-14.0
-11.934802182682025
-20.0
-18.0
-2.0
-16.0
-12.924823086929079
-4.0
-32.0
-8.0
-16.0
-30.0
-21.7372459743695
-2.8208576661552627
-22.0
-22.0
-5.880121638359353
-8.0
-4.0
-10.0
-30.0
0.0
-32.0
-26.0
-7.944322599594997
-11.712002705901725
0.19141418712178027
-22.0
2.3384668946124822
-8.0
-26.0
-32.0
-4.0
-3.500970381758546
-13.552153408850529
-12.0
-18.0
-2.223049958374215
-6.454846622950157
-16.0
-2.0
2.7039844539187285
-22.87570082858778
-9.640679207172235
-2.0
-26.0
-1.6740251031853197
-5.0
-28.0
-1.546180875728194
-18.0
-11.61178808609939
-6.785112743366353
-28.0
-24.0
-32.0
-8.0
-24.0
-11.0
-6.0
-3.120767302532013
-8.763708582403194
-22.0
-6.0
-6.0
