2.7105874227959283
0
5.441949056671648
17.363435268711797
0.3882197645009402
0
0
0
0
0
8.150361818028442
0
0
24.530187606974593
2.980987810375435
0
31.205900036276756
0
10.334295817617479
0
36.557253133817994
19.701838987983816
0
20.22652858183359
6.558012751402702
0
13.517533971752673
17.817778347619786
0
0
38.331005517974276
0
0
16.248413213348634
9.978129603277704
0
19.414102837808706
0
4.082229642744467
0
33.21206688405741
7.810312997344274
0
0
0
0
0
0
0
3.007170855242805
0
0
0
6.67253706638331
0
0
18.60514035284452
0
0
23.05590520068403
35.665832340408116
0
28.8841131200111
0
0
0
0
0
0
0
0
56.05848313576737
0
32.17306954813664
0
0
4.646657161673506
0
6.189468678672364
0
34.34496612909497
0
0
0
0
0
0
0
19.284171749733822
14.345473037834825
74.55560466857666
65.08058220777512
0
3.3595045922811693
61.601794188378605
0
0
17.530122968033385
0
29.9119955101548
26.615965121612223
0
61.218705949072884
0
9.808641628586367
12.700894303163157
0
15.321612964527791
10.192030988388902
15.528140425042567
19.46141703715665
0
0
22.289186691569952
0
0
0
28.06000810560289
75.78406079924929
0
0
0
26.50208084212872
0
0
0
0
0
0
15.26948933921608
0
0
0
0
34.67023690314637
19.53904931778756
32.829528535705506
0
7.297393888651509
39.60809748931992
35.657031725855646
41.4881708258461
0
0
32.665510357704726
-0.1988696646134933
47.454172881522226
0
43.2198744462898
0
0
0
12.93219675828346
0
0
67.50403284052285
43.11325936496549
0
28.603109972000873
0
22.41113256650193
0
18.587508288819674
1.508095746566525
0
0
1.863478533410607
27.552362343520937
0
0
18.774713142987505
0
0
0
20.608501451713572
0
0
27.11926053118461
17.548812523818157
0
0
0
18.24225370038296
0
0
33.80170671560681
0
44.206293099405364
22.787796483087742
0
22.775515637350892
0
11.419370665957832
23.228176955076805
28.11699042710781
1.2617755821210732
0
0
0
0
0
0
0
5.4731021215212365
0
0
5.65928670109964
0
24.902595733123924
0
0
28.09277541945996
0
0
50.6181100987133
22.525964965574865
15.714113959605132
8.76007404607526
35.238586854927874
21.554362564007782
0
55.90646822201029
0
0
10.66202582407312
0
32.22773765060065
0
0
0
0
0
0
37.34249105399722
15.173066190813294
56.75754866333579
21.947936329962133
19.40401432750846
0
0
47.49786096726457
0
0
0
0
30.677075402203783
0
0
47.51795061490206
28.699490339217036
21.71913189427972
0
0.917231275528918
15.104197476331077
0.9839986361556292
25.589820311673666
36.52066103240576
0
8.84929715291536
48.696225803196036
0
0
35.011683160853025
7.448139940115631
15.430471350751052
0
0
0
7.4233740551612915
0
0
0
2.8251926868760275
0
17.308206659044494
0
0
0
0
28.345957760890002
39.45251813895536
0
0
23.21828216916842
14.392538535627956
0
16.41221434652668
28.803928996744972
0
41.23626638322018
10.155006038158986
36.72101023199743
4.519304785747437
47.773311101712224
15.724349304125619
12.131606268948234
11.118111854435083
0
0
0
0
42.55677865962918
6.675899020091329
0
15.809574205896864
1.2262365986077963
7.739685023816076
0
24.88140753182729
0
0
0
68.62839254173747
0
15.34481708705966
0
19.784251217440946
0
0
0
5.606571474972018
51.120525385032806
19.32777875431839
22.18755167926024
0
29.644597963585085
0
0
6.229227222926253
21.156542022156955
25.077505768510644
0
0
0
0
0
0
0
19.4303539891799
2.5835490821777256
0
6.359105357871915
41.84944414801832
0
25.658519924636945
0
21.888533931736426
0
0
0
39.43624876425572
0
19.38100685434884
0
14.612229899488488
0
0
0
44.82243820289301
7.702266522608429
17.093784647188766
27.32785531971114
0
6.4729405476094914
31.274587476600445
0
5.166445841049585
0
6.367886670714325
22.40703479435113
12.235448296752917
0
3.4002746949887186
0
0
20.251043700615803
20.578624866424693
1.0778121932844176
11.231011014105889
0
49.9221658309964
2.6117432450966174
0
0
0
0
34.36332506219143
4.545168266872981
43.463947301573725
0
0
22.943810396850253
0
0
2.780389579537678
0
27.860370444553382
87.41291416297587
21.925816842485382
26.147790175614766
0
0.23054572011421648
64.58625814241111
18.722091364502457
0
74.62901413577144
0
10.38448403956132
0
26.634412696984484
0
0
53.24845636892208
36.963158163672915
6.095868434814774
0
12.643897080976032
0
49.90965932373479
0
49.15521740077099
38.410980978645924
1.079800246341664
0
16.8905920556554
22.94590297500308
0
0
0
22.217163012620773
0
0
0
11.67706591676978
12.092694370518828
0
0
11.08665101355674
16.75105412968214
6.551023355181835
14.810099196711379
11.537699359422987
0
15.18331336966055
0
37.21484895692195
0
0
62.420835469676305
12.450704870759022
0
37.27520317415477
11.581072056855096
0
0
0
0
0
23.108821416356207
0
13.489489708944141
0
29.825937065603657
42.225268023530205
0
5.17031368153541
14.237665526620734
43.11847120423517
26.455761082948214
12.49715150633204
14.626037933464891
0
32.68345670297898
0
35.596703733136195
0
36.257569914721095
46.41963090601379
0
0
31.66711675229972
0
7.069783865286633
46.7672580653022
0
0
0
0
38.977486069571206
18.545319047326657
37.01704470537098
0
0
0
14.14918528111652
