-0.6778365283805884
-1.450945364568872
-5.5
-2.5
1.161116820976579
-2.0491843888562293
-0.03600888224920462
-0.9775573351191351
-3.739846797772737
-4.0
-1.5
-2.8888073390083613
5.443189732391454
-4.0
-2.0
-2.5
-5.5
-2.0
-0.19753610899072638
-5.5
13.157286121541675
-2.5
-1.2824209619320734
-1.0
-1.257090073528417
-4.5
-0.1901628254020591
-1.2644538315358569
-3.0
-5.019057546825238
-2.47782276362229
-3.5
-1.7925343163228722
-2.0
-6.5
-5.235144535149911
-2.0
-4.618119754495007
-1.375835222216985
-0.30107550663788324
2.9690800698867124
-6.0
-2.0
-0.8197386493290546
-3.858241552962969
-5.0
-1.5821098242013536
1.7851952913265947
-5.0
-0.8661791919291053
0.365004373978457
-0.6621329237752258
-1.0256595042281353
-2.0
-3.5
-2.0
2.016390726875622
-0.5
-4.5
-5.5
-1.0211407024161319
-3.0
4.095303521389021
-1.7889870167296271
-5.0
-1.5543947538845617
-3.0
-1.8718384041107485
-1.6922864820213142
-2.9301556036073637
-3.2013156404355754
0.6719022039772502
-3.0
-5.0
-4.5
-3.0
-1.4683152916561848
-2.0
-2.0
-3.5
-2.524782767752796
-3.0
-4.0
-4.0
-2.5
-3.89652109200483
-3.5
-1.5580038261502
-3.0
-3.317683408662747
-4.5
-4.5
4.848017619413767
-3.0
-4.027769638477565
-2.0
-2.0
-5.0
-0.19129931681070922
-3.93072676251665
-2.7526401626448194
-3.0
-2.5
-4.5
-5.0
-2.3751807986130338
-4.5
-1.4619412489026393
-1.5
-4.5
-6.95756324226004
-2.9874689191955683
-5.4088724562283055
-2.0
-5.5
-2.5
-2.0
-4.0
-6.0
-7.0
-5.0
-5.5
-3.5
-5.0
-2.5
-2.0
8.052302503034898
-0.7724791252599263
0.3159478421683737
-6.5
4.13282990290582
-3.6173180890395558
-5.0
0.9370736291814623
-2.5
-2.5
-4.0
-1.5
0.158917439883985
-1.984073992954708
-2.5
2.182740620242786
-4.5
-5.0
-5.5
4.350510809600935
-4.0
-3.6801365746145986
-2.0
-5.5
-4.5
-3.5
4.8313239752931
-2.5
-4.5
-2.0
-4.0
-0.36773099563689327
1.7138910186864442
-4.0
-1.8873318856232402
0.0
-5.0
1.6083092906649523
4.934494843513488
-3.5
-5.0
-3.9662733112169883
-1.5
-3.28708552202235
1.7525081214202263
3.4826150276966157
-3.0
-1.5
-4.0
-2.5
-1.4009341911450526
-3.5
-0.4780071457492894
-3.0
-5.0
-4.0
-2.5
-3.7201147201747
-3.5
-3.5
-3.0
-6.989576346008263
1.0650344989493699
-3.0
-2.1914605112092036
-2.238832332973165
-2.7410381829615353
-3.0
-3.0
-3.5
-3.0
-2.5
-4.5
-4.0
-2.5
-2.5
-2.5
-3.5
-3.0
-1.5
-6.0
-3.5
-1.5
8.535376517950915
-2.0335972542855854
-0.0770268150787139
-4.5
-1.5
-2.0
-2.5
-2.1623429743839173
4.353419437509146
-6.0
2.265958912886923
-0.5
-3.0
-4.036693516013404
-3.5
-1.6559617215061628
-2.0
-3.5
-2.5
-2.0226933824842197
-2.5
-7.5
-4.0
-3.0
-4.4294301671332725
-3.0
0.8105678224711883
1.0
-2.5
-2.69189822038299
-5.5
-1.0
-4.0
-3.867313886656001
-3.5
-4.0
-0.9355560022389451
-3.0
-4.5
-1.388678567718249
-4.0
-5.0
-1.0
-2.0
-5.0
-4.0
-4.5
-2.0
-1.5
0.0578472269083079
-3.0
-2.5
-2.510025125257043
-3.0
-1.5
-2.5
-2.5
-3.5
0.0
-7.0
-2.4609121564994902
0.34217730243947786
-2.5
-2.5
-2.0
-4.0
-3.5
-1.0
-3.0
-5.0
-0.1683479060476576
-0.6900773892936898
-1.1189938685811291
-2.047215887188352
-3.5
-0.8780623107581591
1.551254306624243
-2.1616644792524857
-3.0
-5.5
-4.935387339952923
-3.5
-1.5
2.7310104184054205
-7.0
-3.680832258476589
-4.5
-2.0
-4.0
-1.0
-2.5
-4.0
-3.5
-1.0
-3.5
-0.9285247346075871
-2.452360352340958
-1.9078802966858788
-3.5
-1.5
-3.5
3.5275732743384607
-3.0
-3.0
-5.0
-3.0
-4.0
-4.0
-0.2209363863971685
-3.5883173344955948
-6.0
-3.5
-3.0
-4.0
-2.0
-5.5
-3.8261311465344847
-1.8678617006033211
-6.212550309916753
-4.0
-2.5
-5.0
-2.5
-1.168738676829278
-3.5
-4.0
-5.5
-2.5
-3.0
0.2966384391973238
-7.5
-3.5
0.3193320430327007
-2.0774399473448537
-0.42376651279542443
6.445003645001605
-6.0
-3.0
-0.8078751825366334
0.16872126698626255
-3.5
-3.1362193994784313
-2.5
-4.284889585250179
-2.911526360403395
-2.0
-6.5
-2.5
-2.0
-2.5
0.47858166529432766
-4.5
-4.5
-2.5
-5.0
-2.5
-5.5
-4.0
-3.5
-1.4127666291032779
3.6121323174394
-2.0
1.0991124777257832
-4.0
-4.0
-1.633627582354925
0.7011923870836085
-2.5
-7.5
0.6278494720300498
-3.748835800262598
-3.0
-2.0
3.564578581049263
-2.3038494501962337
-2.5
16.527182673147657
-4.0
-4.5
-2.3141312663445763
-2.773797216671119
-5.751178296795206
-1.3634141592579534
1.2736540653071484
-0.9042197391200041
-0.5
-6.5
-1.5
-7.5
0.6449017443827416
-0.7959408617499661
-2.5
-2.0
-2.0
-2.0
-5.5
-4.0
-2.5
0.755002662176961
-4.0
-2.5317402017967017
-4.5
-0.3641999008935419
-6.0
-1.5
-6.0
-0.5
-0.627451854866478
-2.6805644524759487
-2.248909173817459
-3.0
2.2533996785886745
-2.5
-1.5
3.4398432209397685
-3.5
-4.0
-4.0
-3.439902263342428
-5.3191511707096195
-5.5
-4.0
-1.999311477448793
-1.4459389798285647
-3.5
3.9618151286531216
-5.0
-2.485835724805353
-1.31
-0.393647712222541
0.4118560579072228
-5.5
-2.4639819032056973
-0.19608287236667588
2.6286550673056093
-1.0
-2.0
-4.971726240214173
-2.5
-1.0
4.10723617384429
-1.5
-2.5197395677070427
-3.5
-5.5
-5.0
-0.9783953314168241
-2.5
-3.0
1.0263971647704722
-3.0
-3.0
-3.5
-2.1438906979319876
-2.0
-5.0
-5.5
2.0746440518050995
-6.0
1.9480357977067664
-3.5
-3.0
-3.0
-0.5857685131561787
1.900674494719523
-3.0
-3.0497779694812137
-4.5
-4.237283788216846
-2.133309154273029
-3.5
-2.0
-1.3110515568511123
-2.0
-2.194488423808993
-0.9795250290559263
-4.974174951174071
-4.447129637004435
-3.0
-2.0
-1.065261932678333
-4.5
-6.5
-3.0
-1.3028960737658417
-4.183320150723969
1.4653115891211914
-1.5546720837032526
4.439687005014173
2.266660915319328
8.463755527934737
-4.5
-3.0
-3.5
-2.550373747927697
2.9861153574792088
-3.2891047277460883
-1.3938578901931566
-1.0
-2.5
-4.0
-4.5
-4.0
-6.5
-3.5
-1.8621858062017786
-3.0
-0.6531336544401798
-2.5
-2.0
-4.0
-2.0
0.22178891724097127
-5.5
-2.5
-4.5
-1.9566885603667843
-3.0
-3.5
-0.20246033944224973
-3.5
-1.897906649544767
-8.0
-2.0
-3.14380685845531
-2.2917121644808978
1.0936256636895259
-4.0
-3.4382960461902092
-5.0
-0.5253822841036826
2.819445539722387
-1.5
-2.0
-2.5
-0.6352426862670869
-3.376646080158119
-2.5
-6.0
-2.5
-2.5
-3.8464687180571464
-2.5
-3.5
-2.5
-2.5
-4.5
-2.0
-4.18446108426774
-4.5
-2.0
-6.0
-2.889127509014718
-4.5
-3.2710509152044542
1.106015435999148
-4.128438985510561
-1.7590657037176245
-4.5
-3.3371812037472015
-1.3421681620755992
-3.0
-5.5
-2.5
-5.5
-2.206286881887066
-2.5
-2.0
-2.4976608813438244
-1.0
-2.0
-3.0
-0.6594955431960919
-3.8142705187393213
-3.5
-4.286322291337499
-1.0
-4.5
-2.638505826114647
-2.45496236896466
-2.5
-2.5
0.2615979110980593
-2.3783149688199434
-6.0
-0.21630933283506637
-6.0
4.082457361490352
0.5
-3.0
4.925010423918083
-3.0
-0.6886040287769533
-2.972262897095125
-5.0
-3.4957118444067055
-2.5
-4.715820303718101
-2.5
-5.0
6.451094169145309
-3.8579663236579957
-3.5
-3.5
-5.0
-1.1860991409226176
-4.5
-2.5
3.2826737815126443
-6.5
-3.465431111682614
2.725924057834951
-3.0
-4.0
-2.5
-0.7846028065990653
-4.0
-7.5
-1.5
-3.0
-3.0
-3.5
-2.0
-1.5
-2.0
-3.5
-4.0
0.5868827802990744
-2.037658525599591
-6.3133449534665935
-4.0
5.3170708393615005
-1.0
-4.0
-3.0
-3.0
-2.5
1.7260016281843358
-2.5
-2.5
-2.0
-1.592483696534273
-3.5
3.0760864985278937
-2.8405906350508956
-2.4809815875230763
-5.5
-2.5
-2.866023494571082
-5.5
-3.5
1.0928960371459757
-2.5
-5.5
-3.5
-2.5
-1.5
-5.5
-5.0
3.458808886391849
-2.0
3.0163187323976164
-5.5
-2.569132661771246
-2.0
-3.5
-3.0
-2.0
-4.837224034463713
-5.0
-3.0
-2.2605108271351453
-1.0
-2.778700096255314
-3.0
-4.0
-2.5
-2.5
-3.0
-3.7296163221727507
-4.0
-1.9044492492320941
0.5799561208975628
-3.5
-2.1293063907279564
-5.0
0.28633028020045614
-3.5
-2.220980273778688
-2.0677157428660244
1.9620282062981067
-3.5
-4.0
-3.7895710193348586
-3.0
-3.998914199733471
-4.0
-4.697214739443076
1.703466550543581
-3.0
-1.710540518329231
-4.0
-5.326701078438269
-3.0
-3.0
-2.0
-2.3598601462580344
-3.0
-3.4059390432152563
-5.0
7.6891622460144795
-2.5
-6.0
-4.0
-5.5
-2.5
-2.5
-6.5
-2.5
-0.6891589752584698
-2.9317504618671446
-2.0
5.065864005426479
-3.0
-1.141069658082854
-1.283090053010239
-4.5
-0.2642874969614617
-1.3284975338914404
-2.1067992248850578
-7.0
-2.175586380778179
-5.0
-3.0
-1.5
-4.5
1.8095323437186028
-3.0
-4.19577409470356
-2.0
-1.0
-3.0
-2.0
-1.0
-2.511163152549987
-6.5
-6.0
-3.5
-2.5
-2.6101554817580213
-2.3022138606190152
0.8409089733928851
-5.0
-2.0
-3.0
-1.5
-4.747653880949101
-4.5
-7.0
-6.5
0.0
-1.1461275136418974
-5.5
-1.0
-3.5
4.359438545301321
-2.380184952468615
-3.0
-2.0
-1.5
-2.0
0.5350484325731035
-3.0
-1.5
-2.0
-2.9037450210836386
-5.5
-4.5
-2.5
-5.0
-0.7574114607880684
-0.4632779431476024
-3.0
-4.5
-0.5601564307311788
1.7236425476205124
-5.5
-2.0
-2.5
-2.456890550194112
-5.0
-0.07794149308769649
-4.5
-2.5
2.5086553656704593
-2.4414853088771595
-2.5
-3.463285246999118
-3.0
-2.0
-1.2626362548324739
-1.5
-5.951387920013352
-4.0
-3.5
1.772000298871597
-2.0
0.0
-4.0
-2.5
-1.5
-2.0
-3.5
-1.0
4.223141853552539
-5.576286833191023
-2.6652356701856834
-2.0
-1.1466229332801428
-0.9997929204383982
-4.5
-5.0
-2.6163874354852044
-3.0
-1.1134003075931584
-2.5
-2.5
-2.7084130440144554
-2.0419774848772216
-6.0
-2.0
-5.5
1.6468096064415514
-4.5
-1.6428193989354871
-3.0
-3.0
-3.3887661285179647
-2.0
-1.0
0.0
-2.5
-2.5
-5.0
-9.0
3.1039535402793526
-2.0
-1.5
-3.0
-2.84004223870214
-1.5
-4.5
-2.0
-5.397350150897337
-3.5
-2.5
-6.0
0.0
1.6485046333122586
-1.5
-1.5
-4.209009620043888
0.3217632801835628
-2.5
-4.0
-2.5
-4.0
-0.4508604160487459
-1.4197002944813986
-0.8261887254971887
-4.0
-3.0
-0.42382548128153097
-4.0
-4.0
-4.5
-4.0
-3.0
-4.5
-2.745584819010386
-0.03574776447621897
-3.5
-0.23752406121990177
-0.16734464220599848
-4.534203096056326
-1.8227343008123662
-0.35948488925795985
-1.2391146555885608
-6.0
-5.5
-3.0
-3.0
-4.0
-3.0
0.7903826305225279
-5.5
-6.5
-4.2076471536860005
-3.5
-6.5
-2.5
-3.0
-3.0
-7.0
6.667662238572271
1.9722000011967742
-0.4682167279213665
-4.5
-4.0
0.22778856939471392
-1.0858969180463252
-6.5
-1.0
4.72440488920588
-2.5
-2.5
-4.0
-3.5
-3.0296030426310923
-4.5
2.0165208130138224
-4.0
0.0
-4.014390341279331
-3.5
-3.0
2.5
-4.0
-2.9875304685072726
-2.5
-4.5
-6.0
-0.5
-1.1036456728545054
-3.5
-3.0
0.5977627346378604
-3.699700021421915
-3.5
-0.31930190996831875
-4.940281329389725
-3.060315285948434
-7.0
-5.5
-3.5
-0.6902270927787555
-0.3477995782456311
-2.0
-4.5
7.02213029779416
-1.444237521918096
-3.710796139137358
-2.5
-5.0
-1.5
-2.864046345236381
-3.0
-2.5
-2.5
-2.0
-1.5
-6.0
-1.5
-4.0
-3.5
-5.453429817508429
-1.5
-2.311182889441544
-3.5
-4.0
-3.0
-1.222966351888537
-4.0
-2.5
-6.0
-3.5
-3.0
-3.5
-3.0
4.719317244996866
-4.0
-2.5
-3.0
-2.8966233941169204
-6.5
-0.759483656508088
-1.0
-1.5
-4.0
8.103689299885673
-5.399706009887983
-2.5
-5.5
-5.0
-2.5
-1.5
3.808460595776732
-4.402922260849904
-1.5496361493644795
-2.874772971521597
-3.9954067892078045
6.1085726131311535
-2.0
-4.382495232136485
-0.4944219540799182
-1.6986262526772788
4.328059961430474
-2.0
-0.8086278334655477
-3.0
-0.9193238170177622
-2.1947557735402023
-2.0
-1.5
-0.8601403356546662
-3.5
-4.309425091117621
-1.0853931866393802
-3.5
-1.0
-2.596157620143859
-5.5
-5.266303294465461
-1.0805713293780201
2.905063049957826
-3.519275149031041
-3.5
-5.5
-2.0
-0.022734057738414304
-4.5
4.071889838667659
-8.0
-2.0
-4.5
-4.5
3.9115955034850565
-6.0
-4.0
8.489643281020925
-3.5
0.3972770767384315
-3.8101621133579
-2.5
-5.0
1.5462108182582148
-5.0
-2.5
-4.5
-3.5
-5.0
3.5
-0.15945298209931136
-1.623953560048951
-3.0
-6.0
-1.7606803179335901
-3.0
-3.5
-2.5
-4.0
-4.5
-2.5160616216702145
-5.0
-3.348969863325783
3.786902946998426
-1.5
-4.200799994865445
-2.5
-1.9911179634312186
-0.5
-3.5
-2.5
2.0177057057318653
-6.5
-6.0
-2.0
-6.0
-2.0
3.144005578082315
-2.8434917149812664
-5.820412612417867
-4.5
-1.0
-0.7874867650985369
-3.5
-1.0
-3.5
-3.0
-2.0
2.106591156847873
-2.2798282874843294
-2.0
-3.0
-1.9498504764426243
-0.5
-1.0251874492867108
-2.5
-5.5
1.167779737771344
-2.5
-2.5
-2.0
-4.0
-6.0
-1.985602145651203
0.6169581978474015
-1.5
-2.0
-2.0
-0.4023398214380214
-1.9535404268859557
-1.9145974177514171
-0.5
-3.5
-2.0
-2.0
-3.5
-6.0
-4.5
-1.9547540115479167
-2.6695714804816464
0.40320780347776974
0.12509512829795888
-7.0
-4.0
-5.5
-2.1928567572698254
1.0977861163278053
-3.434716676968254
-4.5
-4.7262714866953335
-4.0
1.602505995780616
0.0
-5.0
-4.184427838606538
-3.5
-2.0
-2.0
-1.6132400314156867
-7.5
-3.0
-0.3141088505395817
-4.0
-5.392571759628686
-3.0
-2.484731211780065
-7.0
0.21441877760954586
-4.363169449767625
-1.5
-1.5
-3.0
-1.5
-4.0
-3.5
2.816249103233948
-1.8257624151546898
-7.5
3.7538356028060864
-3.6406708966636736
-3.0
0.9770417709010664
-2.108455149734819
-2.919052722015045
-2.6022305662633824
-1.783889671318179
-2.0
-1.5
-4.5
-5.0
-4.0
-2.8406294831286836
-3.5
-0.8400012957543752
-1.6428102276307401
-3.5
-5.5
-4.5
-1.5
-1.2924801437061721
-0.738298177976795
-2.0
-2.2401450037863446
-3.7570630290529
-2.0
-0.47470636395085175
-6.5
-0.7216520357137346
-7.0
-2.5
-4.5
5.521809504090193
-2.5
-6.0
-2.0
-1.5
-4.5
-2.0
-3.5
-1.5
-2.5
-3.5
-1.061700205550933
-2.0
-2.5
2.8289282851939612
-4.0
-0.7035946644734477
-3.5
-3.0
1.3069709487254921
-1.5
0.31880348984226425
-3.8338945988793878
2.372463116981616
-6.5
-6.5
-4.0
-4.0
-4.0
-2.5
0.816461116587091
-2.5
-2.0
-2.8563587479608312
-2.5
-3.5
2.0260860732212977
-3.5
-3.0
1.0555186573613757
-5.0
-4.5354632898432605
-4.0
-5.0
-1.7711434765456695
-0.5885252228805675
2.357820455008219
-2.5
-5.0
-0.5
-3.5
-4.0
-7.0
5.381007742534849
3.234637333979107
2.4210099647005032
2.7410713146877463
-0.8515672340474123
-1.1940910952006034
-4.0
-0.3289951802359705
-5.0
2.7431003954035766
-5.0
-5.0
-3.0
-0.5
-2.5
-1.5
-2.532028054332789
-3.5
-4.5
-1.2227441982028897
-4.0
-3.9199674118118724
-3.5
3.4018659978321484
-0.5525540918596024
-2.9572944459951964
-3.9875622681835674
-3.2625653553143232
-3.0
1.9720314359503774
-6.0
-2.0
-2.5
-5.850290673743119
-2.0
-4.5
-4.277938827303595
-1.2187763475204805
-1.1072359703650725
-3.5
-1.9184168659562846
-1.3879555574413582
4.244385640998889
-5.0
-2.3810599002597597
-2.0
-1.204599711620443
-2.0
-4.27813630879821
0.11427222684971472
-3.3686017601051557
-2.5
-4.5
-0.9942822902384869
-2.0
-3.0
-2.993232581510385
-2.0
-6.0
-3.971356309413974
-5.5
-4.5
-4.036333022245866
2.995240148561791
-1.695608998729284
-1.5
-4.0
-3.0
-5.0
-4.0
-1.9255920325192397
-5.5
-2.5
-2.0
-2.772398942430289
-7.5
-0.1785799488255031
-3.2684446367514397
-4.5
0.5584882306770906
-5.0
-3.5
4.9828948010022405
-1.7389032884761917
-2.5
-0.6789192934566841
-4.5
-1.9266731717390435
-4.5
-4.989764861666369
-7.0
-3.432442058891188
-2.054888745526205
-3.0
-5.5
-3.5
-5.0
-1.0
-2.0
-4.0
-3.5
-0.5808571259629127
1.3055399430125565
-2.5
-2.0
-2.5
-4.5
-5.0
-3.4492104820602725
-2.0
-1.7466218696880502
-5.0
-4.0
-6.0
-4.1636312295650875
-2.8943885914876564
-5.0
-7.5
-1.75126161547416
-1.5
-3.0
-4.0
-1.0318263475103628
-3.0
-2.5
-6.5
-4.5
-4.0
-1.0
-0.2711337647331292
-1.0
-3.0
-0.5
1.4729701706531277
-0.9215929241630203
1.3375655569803566
-3.3020805342140527
-5.0
-4.0
-3.5
-2.2002692690714527
-0.716353624272005
-3.5
-4.0
-4.0
-5.5
-0.9733562361918353
-1.2964088134130678
-4.0
-1.4562299252888855
-6.0
-2.5
-1.9786138777871698
2.9986570613508263
-6.0
-4.0
0.17164420389920143
-2.5
-4.0
-6.0
-3.5
-4.0
-3.9167458879606616
-3.955560152528961
-4.5
-3.5
-6.0
-4.0
-5.0
-5.5
-7.0
1.4745013061439476
1.5353071883835843
-5.5
-2.0
-1.5
-5.5
-0.6881534818487947
-4.5
-3.546954399153747
-0.6358237303423029
-4.0
-0.19534632917103845
-1.872907488583823
-2.3729015178887654
-1.0376400958275944
0.5556903802940125
-1.9047403143835142
-3.5
-6.5
-1.0
5.5435768317323575
0.7782626193238338
0.7133412451929582
-2.956033139882746
0.0
-1.1785557418367656
-5.5
-7.5
-0.14027744094057604
-6.0
-2.0
-6.0
-3.0
-2.6954199970694384
-2.0
4.712736225205256
1.6561241400591333
1.5199384274810015
-6.0
-4.5
-1.5
-2.0
-1.3428545000813021
-2.5
-5.5
-3.0
-3.940552689753904
-2.5
4.062550737780906
-2.0
-6.5
-2.0
-2.2040317770832383
0.23192803216200986
-2.5773278131281305
-4.5
2.1454585138988485
1.0208416753364191
1.9340971338956194
1.6894002278361206
-6.5
-3.0
-3.5
-3.5
-2.0
-5.5
-5.5
1.486069228454928
-3.5
-4.5
-4.5
-1.0288796319111349
-6.5
-6.0
-3.0
-0.5836820970320504
-5.5
-3.0
-5.0
0.4195492003335093
-3.798876660275204
-2.5
-2.0
-3.360180257192315
-4.5
-2.0
-1.895974034564944
1.0
-3.669610800559586
-4.696421123456201
1.651293729925297
-4.5
-3.5
-1.0
-3.0
-4.0
-2.5
-3.805759032667118
-4.753316919809566
-3.5
-3.5
-3.2272851838330023
-4.0
-2.0
-2.5
-4.0
-1.9922711285576804
-4.5
-1.5
-2.5
6.534899269087569
-3.0
-2.614187509034527
-3.9889100598511136
4.084967881779641
-4.0
-5.5
-6.5
0.7718974914699999
-5.0
2.3579465588022694
-4.5
-2.215038827064289
-1.454559630763039
-2.5
-1.5
-3.5
-3.0
0.8081966767426181
-3.0
-1.5595627744440594
8.84308382889536
-1.0
-3.0
-2.5
-1.5
-4.546708801293577
-4.0
-1.8442266267031358
-3.4423346257093272
-2.0
-5.0
-1.5
-3.5
-7.0
-3.0
-3.878322443360956
-5.5
-1.5875383589012662
2.855622605860172
0.08731795762103456
-2.5
-0.4766431533106035
-6.0
-6.0
-3.5
-5.416967432701218
-1.4846919532978553
-3.2682107781170644
-2.0
-2.3263565215152275
-2.5
1.495982802364713
-2.01477296586681
-0.38900320600393545
3.2187587496546617
2.1257135196652848
-3.198650429366334
-3.0
-6.0
-4.0
-3.012123329509169
2.9152869434093365
-4.024750734088091
-3.0
-4.3387176347315455
-3.5
-3.0
-0.9513605293705283
-2.5
-3.5
-5.0
6.922785440020693
-2.8897165699206577
-3.5
-2.5
0.919359169937997
-7.5
-0.9541933991978113
-4.0
-1.5
-1.5
-5.0
0.3247463220927771
-3.5
-2.547873275710776
-2.5
-4.5
-2.5
-3.0
0.6579116377377696
-0.9500452654120659
-1.5
4.527448767003397
-2.0
-0.49400648267112457
-6.0
-7.0
-1.5639051048092503
-3.0
3.014562062798749
-1.2896698949196415
-2.5
-2.5
-0.1618656652779421
-2.048508739742068
-2.495021980701547
1.7451420626522447
-2.0
-3.0
-5.0
2.757196071705607
-3.0
-3.0155904086307745
-3.7743037440374194
-5.0
-3.5
-2.1394549046006137
7.404584436094013
-2.5
-4.0
-3.0
-4.132032255984832
-0.5186886146758554
-0.7588610956944866
-1.5
-5.0
-2.0
-3.5
0.07381761613329996
-1.8057117836417031
-5.5
-1.5
-6.0
-1.7620720676508859
-2.111455069630187
0.30505687102166923
-3.295489260362051
-1.3053024683416643
1.071409453020225
8.779450619924521
-4.5
-3.5
-7.0
1.1180673833059358
-2.0
5.138521419541142
-5.0
-2.5
-0.9793741449442959
-3.0
-2.0
-1.5
7.020209563212549
-6.5
-1.1780709738672615
-1.0
-3.0
-2.5
-2.925361715093194
-3.5
-4.5
-2.071192239657569
1.408249885714488
-8.5
-3.0
0.051217836618725476
-5.5
-2.4287996297141685
-1.5
-2.8613128431957064
0.6144274346944343
-1.2221370186918055
1.512976011722249
-7.5
2.5051456250488586
-0.5
-4.0
-3.5
-3.0
-2.5
-2.0
-4.0
-5.0
-2.5
-1.4296031895166075
-2.5
-5.5
-4.5
-0.9580597201658398
-2.0
-6.5
-1.8514900233464675
-0.5104518649956318
-2.1897016871574855
-3.0
-2.5
-4.5
-6.0
-7.0
-3.5
-2.5
-0.1059232235565557
-0.7418469868696647
-3.5
-4.453158315099089
-2.5
-4.455942936519204
1.9246616674686292
-4.0
-4.0
-2.5
-3.0
-2.5
2.421320418278783
-6.0
-7.0
-1.5
1.1522724338607917
-2.0
-4.0
-1.5
-3.0
-3.0
-3.769250230293527
-2.5755225642778385
-3.399088068209524
-1.7181453518078122
2.5051414183919736
-2.0
2.3562797907618727
-3.0
-3.466372573671376
-1.9160066870354746
-6.0
-3.0
-3.0
-3.5
-1.1432353349399849
0.4606225148534091
2.9511349922251005
-5.0
-3.943500330127356
-0.6749298834731884
-3.0
-5.5
-4.0
-1.8525505020841144
-6.4540709012256645
-1.0
-1.8295058853594184
2.4524814969747446
-1.5
1.8476045001182428
-1.844128890648029
-3.0
-0.8692395859548179
4.941243649277039
-8.0
-2.0
-1.9732552080201093
-2.5
-3.5
-4.5
-7.0
2.0639562009247694
-2.5
-6.0
0.7248314464795229
-4.5
5.90456871180732
-5.0
0.1006369512363885
-2.5
0.8252431571846335
0.7482752685840381
1.6777515755713956
-3.0
-2.0
-0.9820648149467377
-2.5
-2.5
-3.5
0.2591331784208091
-3.0
-3.0
-3.5
-4.0
-2.5
1.418651727920246
-4.320705421147792
-1.6461054295158695
-0.5829406330045717
-1.3252198737096506
-0.5333945270120024
-3.5
-3.0
-5.5
0.72831028020952
-6.0
-6.0
-2.460831368308929
-1.5
-2.8148780786906684
-3.0
-2.5
-2.5
-1.5
-3.0
-1.1613864581783657
-6.5
-2.5
0.22438264767702476
-2.5
4.4554240421081825
-6.5
-6.5
-5.5
-3.0
1.1356220324821895
-6.5
4.738127890277274
-2.0
-0.05577264170527352
-3.3268685077437916
-2.5
-3.7820237984000915
2.1357110400465364
-5.0
-2.5387991653235096
-7.0
-5.5
-2.637148865133384
-8.0
-1.5
5.4541948748795726
-3.0
-5.971247436546845
-4.5
-3.0235279229341785
-3.0
-6.0
0.0
-4.5
-2.5
-2.5
-2.5
-4.5
-6.5
-5.5
2.074734005692281
-3.5
-3.3914985723360154
-5.0
-3.5
-4.5
-5.5
-2.979079324433105
-3.3893455650610558
-2.0
-4.5
-4.101183272355648
-3.5
-1.0123447099388605
-4.123400548906426
-3.0
-2.5
0.1767430812502755
-6.5
-2.5
-3.5
-5.5
-3.5
-3.6674423805680805
-1.4077528137915096
-0.062293872450607246
-2.5
-1.4285894222897224
1.9987733180143175
-4.0
-4.288474926348126
-1.5
-6.0
-4.5
-3.5653098476821983
-2.7068627571663164
-1.5
-2.5
-1.1180340979085786
-1.5
-2.0
-6.5
-2.6144313591472095
-2.5
-5.5
-3.0
-2.5
-4.122796562107929
-4.0
-3.5
-2.5
-5.0
-1.665804163752646
-5.5
-1.377997196716759
0.6646702951102652
-0.02792705497463288
-2.0
0.47811900609717917
-2.9894301178835265
-3.5
-3.5
2.890956963884161
-4.5
-3.5
4.7423723016103985
-3.474694244216545
-2.7303207622045598
-2.0
-3.0
0.14008692750843021
-2.0
4.741504404946188
-2.5
-3.5
-4.2040474239239
-6.7784213582977
-3.0
-3.3973845581585005
-0.25654501666541485
-6.0
-2.0
-2.5
-4.343371781632327
-3.0
-4.433413712370463
-2.5
0.6390611934872621
6.414271917010933
-2.0
-6.5
-2.5
-1.4706267414313703
2.120966791055025
-3.0
-4.0
-2.8520070760051337
-1.5
-6.0
-4.5
-3.5
-5.0
-3.5
1.3151669193786475
-1.5
-6.5
-5.0
-1.794872945574527
-5.0
-4.0
-0.4872712737312424
-4.0
-6.414374213055794
4.065391920697623
-2.0
-2.3502899848939203
-2.0
-2.5
-4.957288557265244
-5.0
-3.0085560668861593
-5.5
-3.5
-2.8015428542145058
-4.0
-3.5
-0.5
-2.5
-2.465813031236712
-3.5
-4.5
-5.0498298724916015
-2.976587112363993
7.435161627334553
-5.612124051141411
-3.0
-2.9697077665715375
-1.0
-0.965025889547418
-1.5
-4.5
2.240077645974093
0.08503098719216329
-5.5
-1.8575452901629967
-2.0
-6.0
-3.2468327873605283
1.183893900639439
-1.9013692460082698
0.058440065961611554
-0.9872354376975183
-2.259081424278215
-5.5
-1.5
-5.5
-3.413894211491275
-1.0
-3.0
1.0044341814482438
-1.895742546467214
-2.5
-2.0
-3.0
-3.0
-3.0
-2.7635286289916623
-2.5
-4.7972547663502825
-2.5
-0.06929776556120215
0.0784089090786555
-6.5
-5.603799755394887
-6.5
-3.0
-3.0
1.0
-3.0
-1.5
-5.0
-4.5
-4.0
-7.0
-0.8917050375872337
-3.1378292240854826
3.8151816055690553
0.32991896598108394
-1.5
-2.0
-4.5
-3.5
-0.7588936019946251
-2.0
-4.5
-0.10083611410076487
-1.170587478305626
-1.2971645880795535
-6.5
-3.96843411493204
-7.5
1.0603282670257625
-6.0
-4.0
-4.5
6.058414718715695
0.646583707231815
1.8459034519623758
-1.5
-4.5
4.300660693343444
-3.2459523425183874
-1.2413931926197357
-3.0
-5.5
-2.0
-3.5
-2.8489483184565
-4.396657912405997
-7.542108836191204
-2.5
-1.5698945748027677
-3.2820505531936424
-5.5
1.1298363915209935
-1.13031045553561
-1.6194494528077348
-3.222041082690458
-2.4895503892503696
5.878991517638547
-1.5
-1.5
-5.0
-3.5
-3.4955591240658643
-2.5
-5.5
-3.0
0.09004442207977181
-0.705026789977564
-6.5
-3.0
-2.0
-5.0
-4.0
-6.5
-3.0
-2.0
-5.5
-1.3783999476753492
1.353495805082626
-2.27941733984462
-0.5
-8.0
-5.5
-1.0
-3.5377477268898065
-3.0
0.506205955983094
0.6120033964665885
-2.0
-3.0
-5.5
-4.0
-3.0
-3.5
-0.9753201063932811
-6.0
-2.5
-4.5
-3.0
-4.5
-1.489253673680664
-4.0
3.0378587526152003
-5.0
3.344915225124412
-4.5
-2.0
-1.0209060482870898
-1.4878262308718555
-5.0
-2.5
3.0903095432673844
-3.0
-3.5
-0.24088065658250413
-0.4038232359985101
-2.5
-1.9200197485612251
-0.4572636305641824
-0.49627588762109953
-3.0
-2.0
-2.0
-3.5
3.2773590253817932
-3.5
-2.0
-0.8594608687000159
-0.5
0.11632081924664606
-2.0
-2.0089442252523755
-5.0
-3.0
-0.03542101583820512
-2.0
-4.0
-5.327781695559737
-3.5
-0.5
0.0
-4.5
0.5
-2.2999701684298204
-3.3359810239599277
-0.8927923168842441
-6.0
-6.0
-0.8781798554058047
-2.4338225332516172
-2.5
-1.295593326874834
-4.0
0.048202134479768954
-2.5
-6.0
-6.0
-2.0
-8.0
-1.5
-2.509035593497571
-8.5
-2.5
-4.5
-1.0
0.16321686874226948
-2.0
-4.356160438600298
-3.0
-3.5
-3.0
-1.0
-2.5
-2.803576658830129
-1.5449535751248646
-0.8987802642027556
1.4791347507515642
4.547340884902187
3.6623274137835686
-1.5
0.5816356303925803
1.612142668087103
-3.5
-2.0
-3.2887626464365325
0.5065595053931093
-5.5
-1.8132821899714224
-0.20534177006215426
-2.5
-5.0
-0.29751445320549885
0.08787608945898595
-2.0
-2.5
-3.5
-1.044175244625058
-0.7919684299195402
-4.5
-2.9143713577689123
-4.5
-3.0
-4.0
-4.5
-2.5
-5.327727758386569
-4.0
-7.0
-4.5
-4.0
-3.0
-5.0
-4.5
-4.0
4.077823652614555
1.4194528508505018
-2.0
-5.5
-5.0
-3.0
2.0345764036886003
-3.0
-4.5
-3.5
-1.5
-5.27013982097643
-1.4483309383857232
0.7514443575800058
-2.6263478202397685
-4.787529933830922
-1.7784672087295084
3.992084685601932
-6.0
-2.0
-3.0
-3.5
-4.0
-0.11876343460935423
-3.5
-2.9635785376120642
-4.5
-3.5
-3.5
-2.0
-6.5
-4.5
-2.5
-5.5
1.677430711694865
-4.5
-4.5
4.208026536187784
2.020240537798435
-3.0
-4.5
-4.5
7.544112166244316
0.8677750267901394
1.7163216200254139
-3.0
-2.5
-0.38247031257724196
-4.696543550600891
-2.4744059348242455
-5.0
-3.5
-5.5
-2.5
-3.0
-1.9870875689929306
-4.0
-3.5
-2.5
-4.0
-3.0
-3.405919361922052
-4.5
-1.5
-3.0
-3.0
-4.0
-2.5
2.2999409738944947
-6.0
-0.4631013216716151
-3.4957424281705385
-1.649299515199279
-5.5
-2.0
-4.0
-3.0
-5.5
-1.6652888056824624
-3.0
-2.909889992634417
-4.351601341311639
-3.0
-4.0
-1.0703949352415587
-5.0
-4.5
-0.9183206988654252
-7.0
-2.5
0.16840322513361394
-2.0
-2.3584385387434685
-2.2483775682843055
-1.1518537972988114
0.23047388024404158
-2.274162836447114
2.7748419604992987
-0.9907773732405798
0.371396958905291
-0.7517937074374359
-5.5
-2.9241443012433797
-5.0
-3.9413171454406175
-0.004912711117028401
-2.0
-6.5
-2.5
-3.4741686195721315
2.3190463110850317
-2.5500531144065803
-1.4386323958557157
-2.4883580058457184
-5.0
-2.5
-1.0778015051073548
-5.5
-0.9420606604189281
-3.2679157710523166
-1.5
-4.0
-3.5
-1.437371907034328
-6.5
-1.8591360907318013
-3.0
-7.0
-2.436599907881246
-1.6546383211184876
-1.1991575177428957
-3.6371127373651597
-3.006129773637886
-2.0
-0.8273642184928303
-3.5
-0.36938932449454676
2.7107909106633183
-4.5
-3.0
-4.0
-2.4291811101571468
-2.5
-2.5
-4.0
-4.161189398588718
-5.7840642302273615
-3.0
0.847292226520024
-0.8360564708921188
-3.0
-3.137772535361523
-3.5
-9.5
-2.5
-3.5
-7.5
-2.7535868737134104
-5.5
-3.0
-6.5
-1.9372116216430861
-5.198612330492716
-0.9092681876805397
6.035055939448634
-5.0
-1.2296379603291065
-4.5
-2.0
-4.0
-4.5
-3.4239225223669663
-3.9669649427669063
-4.5
-1.5
-1.0
0.16266793870179486
-2.5
-0.23008548326858191
-4.0
-4.0
-2.0
0.8365665877561961
-4.770183861144371
-3.0
-3.430688621741833
-3.0
-2.0
-0.2251111947109492
-2.5
-7.158354105850237
-3.0
-3.0
-4.0
-3.0
-2.2823912193380003
-0.05444272488479962
-2.0
-4.5
1.6083813361662682
-1.5
-2.0
-1.5
1.0854416647796947
-5.0
-2.0
-4.5
6.008944811769753
-4.0
-1.5
0.5468832250197808
-3.0
-1.741565724608165
-4.5
-3.768549827638936
-5.5
-6.754899479997277
-3.0
-2.8180123727948816
-6.0
-6.0
-2.5
-3.0
-6.0
1.3503458661991994
-1.9546540286986147
-1.9778069560989395
-2.0
-0.028198955323706087
-3.5
5.398623406708021
-4.5
-5.0
0.06970797014888253
-4.0
-3.2519788378542653
-2.5722274304696446
-5.0
-5.0
-2.359276678584224
-3.0
0.9819301881534104
2.2612663707582707
-0.8311240461967626
-2.0
4.409236125391643
-3.0
-2.5
-1.3070491558483242
-3.5
-3.5
-5.0
-3.5
-3.0
-2.0
-4.0
-2.5
-1.5
9.92298329592066
-2.0
-3.0
-3.5
-2.5
-4.0
-6.0
0.8923021259672326
-5.0
-1.8677719512116626
-1.438097556085589
-2.0
-7.5
-3.0
-3.0
-3.5
-4.0
-1.5
-4.0
-8.5
-4.0
-3.5
-2.5
0.2712777143102081
-1.0476868431489856
-2.0
-4.0
-3.0
-5.5
-4.5
-0.10633184257757022
-3.5
-1.5
-3.5
-4.0
-4.5
-2.6799393585340674
-2.0014765858653485
-3.5
3.450459373542543
-1.4830653029392227
-7.0
3.5636045724380487
-1.5
-0.9110673684005515
-1.1282375994687508
-8.0
-0.7330365177895775
-2.944715989890528
-2.139064530712025
0.42718007427064886
-8.0
-5.530293200719447
-2.810005161027176
-4.5
-3.5
-2.0
-3.5
-6.0
-3.0
-2.132962906679813
-3.5
-4.5
-3.5
-1.1800587066883539
-3.5
-1.8129306981917888
-2.5
-2.3883673714860114
-5.0
-1.0
-3.5
-4.0
-1.5
-0.21325023369631343
-3.5
-3.0
-5.5
-3.5
-2.0
-2.5
-1.9000984592306744
-2.0
-2.5
-5.516955797104733
-2.0
-6.0
-7.0
-1.0
-2.5
-3.5
1.2702245849871847
-2.0
-3.8577780438279348
-2.0
-1.7381041862435314
-2.665747470980016
-1.5
-3.375602099071203
-3.5
-5.0
-4.0
-7.0
9.514080904447376
-3.5
-3.5
-2.0
-2.4365074241596334
-4.5
2.287666477265853
0.1074706985015963
-4.668021563263364
-1.339804035634677
-3.5
-4.0
-2.5
6.444700754503345
-1.0
2.5213440707549517
-3.5
-2.0
-1.3119733326877534
-0.11484540591126935
-1.5334773789810114
-2.5
-2.0
-3.119229421503139
1.3333110283386533
-8.5
-2.445262502564568
6.801759162079632
-4.0
-7.0
-0.40072254079655756
-2.0
0.715686565586866
-2.0
-5.0
-6.5
-3.0
-1.5
-4.0
-3.5
-2.5
-5.5
-4.0
-6.5
1.0247254976936797
-4.118732693652879
-4.5
-1.0
-1.9384948501361308
-3.045785848143075
0.24139332180872186
0.05077756007756262
-4.0
-2.0
3.517371551381153
-1.6945666552970715
-3.5
-1.7581208759481572
-2.5
-3.0
0.002002107945519249
-3.0
-1.9978481301465512
-3.0
-2.4187154827501924
-5.0
-2.381476412476719
-2.4833083132382354
1.6878175507851187
5.931072607699145
-1.5
-4.0
-3.0
-0.8302396049735494
-2.3838598424335813
-0.14414148077750122
-2.5
-0.5
-2.85201006279142
-3.0
-2.5
7.227694628566379
-0.7810916987146603
-6.0
-4.5
3.961195868010699
-2.3544151152159163
-1.648535379872776
-2.5
-1.0
-4.5
-0.13623516342019837
5.834174028062823
-4.0
-3.480356487006294
-1.5
-3.5
3.7680567220974774
-2.0437468464982054
-1.5
2.2886104059526704
2.2426646181309957
0.6594921282772388
-3.5
2.311129125252723
1.3781668229349155
-2.0
-4.738399594088595
-4.0
-2.5
-5.0
-5.0
-3.0
-3.0
-2.35926757957797
-4.0
-0.9261145638576693
-3.5
-3.0
-3.0
-4.5
-7.5
1.1004463764769254
-0.5
-1.7287979533859372
-2.5
0.12887132107138566
-1.5
-4.5
-3.0
-1.5
-3.5
-2.0573005315688597
-0.7925654254858507
-2.0
-1.0
-3.5
-4.5
-1.5
-3.0
-3.0
-4.0
-1.0
-2.3559573618224094
-1.0
-2.5
-3.0
-3.5
0.13982947650636413
-2.0
-4.0
-5.0
-7.0
0.7840003837273359
-3.0
-2.1948300287297138
-4.0
-3.5
-1.0
-4.0
-2.5
1.1186932277738038
-2.5
-5.0
-1.5
-5.0
-5.4040340115709515
3.4925183827908572
-3.5
-3.3942878059170325
-3.5
0.9580412547600519
-2.0
-4.048350378030462
3.328095562952206
-2.0
-3.5
-3.0
-4.49290225827566
-3.0
-4.0
-3.0
-4.5
-3.773754053288874
-3.194991813821809
0.21216318372967358
-2.0
-1.0
-0.00040636260953874626
-1.5
-5.5
-3.5
-0.41772059867822087
-2.0
-0.655680016104964
-3.5
11.658946109031021
-1.0901587660005139
1.3030994553364286
-4.0
-2.63825526009528
-1.5
-6.0
0.11362932718456054
-4.0
-6.5
-3.5
-4.0
-4.5
2.3726205861507834
-5.0
-3.5
-3.0
-5.5
1.528388721984535
-6.5
-6.911015379645992
-4.5
-2.5
-4.0
0.1566892915597501
-4.0
-6.5
3.695083711947958
-2.0
-5.5
-2.5
1.1113284526568536
6.2728110569865345
-1.0
-0.5126583755467022
-5.0
-3.0
-1.1270490925042034
-3.0
-3.0
1.6626104008546019
-3.0
-4.0
-2.5
-3.0
-4.5
-3.0
-4.0
-4.0
0.580508943731092
-3.5
-5.0
-1.2761228351211535
-5.5
-3.0
-0.8356238177929018
0.8105292860383004
-3.6697167504542274
-1.7239709325808361
-6.5
-3.0
-3.0
-2.5338235111125558
0.26942170725898684
-6.0
-2.434455452259761
-3.0
-2.164277380365628
-6.0
-3.214278224499624
-2.5
0.01571870963766253
-1.5
-5.5
-4.5
-6.0
4.074121594504977
-3.494885843670201
-1.5
-2.5
-2.5
1.9809658212955936
-0.38601660310607855
-2.1508889905057966
-0.9210382198686016
-2.1353481039316664
0.5
-3.5
-3.0
-3.5
0.0
-3.0
-3.5
-4.0
-5.5
-4.5
-3.5
0.5915375179085656
0.5
-2.3384530600140385
-2.0
-6.5
-5.5
-1.3080656994910527
-5.0
-1.4551278712032727
-4.0
-2.5
-3.3107524197129248
3.141040718481907
-6.5
-0.29599574363086156
-2.0
-4.679346408746263
-1.5
-2.5
-3.0
-1.0
-1.4046016491972368
-4.5
-2.9188922594356863
-3.0
-8.0
-1.007195631733525
-1.6010394060312363
-4.5
-2.0
6.479659833520283
-4.814532676666868
0.9095889345853704
-3.0
-3.5
-3.0
-0.8819323867629962
-3.0
-3.0
-4.5
-3.5
-4.5
-6.5
-4.5
-6.0
0.06914930717439804
-2.5
-2.0
-3.5
-6.0
-4.5
1.9756127600600912
1.0876703441684956
-2.5
-3.5
-3.368226165690691
-1.6947716492079934
-2.6306880261126917
-3.232498966665962
-6.5
-1.6809474757811325
-2.0
-1.5
0.8730141207617863
-2.5
-5.0
-4.5
-1.1810718620795246
5.814709378391844
-3.0
-5.5
-5.0
-3.5
-3.064236417050786
-0.42218589286242375
-2.0
-3.5
-3.0
-0.09203315181532301
-2.5
-5.0
-2.5014552777478976
-0.988126741603657
-4.0
-5.0
-5.5
-0.5
0.2621711677765681
-2.5
-3.5
6.594627834017338
-1.0
-1.5
-2.5
-3.5
-3.843975992449818
-4.5
-2.0
-4.226014391835684
-3.5
-4.5
-3.5
-3.6991063932533077
-3.5
-3.0
-2.0
-3.9958063132202035
-5.0
-3.0
-2.0
-2.835538466857581
-2.5
2.3488466250436586
1.0
-4.0
-2.0
-1.0
-0.68794315747097
-4.5
-4.5
-2.8594011213205404
3.99856958483214
-0.2159908453737892
0.6583260717322299
-2.5
-2.5
-6.371886895466023
-5.0
-3.5
-4.0
-4.5
-4.5
-2.0
-7.5
-2.0038390828093986
-4.0
0.4252290841146893
-3.5
-0.029161318994345153
-2.744301431764413
-3.273515694743554
-3.0
-6.5
1.892781398315492
-4.0
-2.516159744049751
-1.5
-2.0
-4.5
-1.025727111136167
-3.4094872355051926
-2.0
-0.037733913407493436
-6.924915208492973
-3.0
-3.5
-1.5441085862894235
-2.302197985888267
-1.2132959017907536
-3.0
-4.695270257592304
-4.5
-2.5
-3.4532850905471535
-5.874483041037101
-3.5
-0.6321165719415214
-1.3407889273514786
-5.5
-2.5
3.603717528953261
-4.0
-6.0
-1.0
2.339411369314581
1.2800533746753184
-4.609154812617161
-0.6359416199090274
-2.0
-3.022355686546023
-3.5
-8.5
-8.0
0.5231103326381934
-3.5
-1.5
4.316887680115847
-4.5
-4.5
-0.7657279653028155
-2.0
-3.0
0.8263473516998945
2.169156541908468
-3.0
-7.0
-4.0
-3.0
-6.5
-3.1893353331956784
-1.6748222552062497
0.5952002127775864
-5.0
-1.5
0.6133254094654266
-1.8056481734548586
-0.21717845187997842
-4.0
-2.5
-3.5
-1.5
1.8545975683550893
-2.0
5.272250283062103
-2.294516691626513
0.019026867418329374
-6.0
-3.982826939369018
-3.8138175746973486
-5.0
-6.0
-4.5
-3.5
-4.5
1.9486746290030195
-0.7713161683525374
5.866358298986796
-1.0
-2.5
-2.5
-1.675926378555448
-6.5
-3.5
-2.5
-1.2258309643080243
2.4084608437613735
-6.0
-4.0
-4.0
-0.7733866020636635
-0.5
-6.0
-2.5
-2.5
-3.5
-1.9309256591057762
-0.9574486886803525
-3.0
-4.5
-3.5
-2.2146233016660295
-4.0
-3.0
-1.9357945836032984
-0.5
-2.5
-7.0
-4.0
-3.0
-3.3153708426508315
2.7550082185970144
-6.190258956006241
-2.3885045750673695
-1.5
-4.0
-3.9383188592676754
-3.5
-3.0
-0.8011672705262105
-2.5
1.276077828578977
-1.4345033762985104
-1.3710660403344632
-6.5
-3.0
-4.5
-0.8621590999882982
-6.0
-4.0
0.9695203024433221
-5.5
-4.5
-3.5
-5.0
1.918640517014416
-1.0
-5.0
-1.4316185616456054
-4.5
-3.0
-5.5
-1.3941465859347721
-1.67159297570862
-5.0
1.5822682726555954
-1.5
-2.3498650530613645
-2.5
-3.5
3.9614223855684463
-0.5036967179697456
-2.3943165437863305
-0.033650323564649476
5.21401935976859
0.0
-1.6979802852831125
-2.5
-4.5
-4.0
-0.6126144610277087
-2.5
-4.0
-1.0
-3.0
2.5115749495460786
-4.0
-7.0
0.7268942868270638
-2.5
-2.5
-3.1198709320473608
-0.043108618371592744
1.018749337031399
-3.0
-3.0
-3.5
-1.0
-5.248280279789354
-4.5
-1.936249014403149
2.0
-7.0
-3.4326233939875723
-4.5
-2.0
-2.0
-3.5
-1.5
-5.0
-1.5
-2.5
-3.0
-5.5
-4.0
-3.0
-3.0
-7.0
4.562921240523643
-1.5
-1.0
0.5
0.1924356914557266
-5.0
-4.883817546590332
-3.0
-4.5
7.668635690473694
-2.0
-4.5
-5.0
-4.5
-5.270272510710439
-3.0
-4.5
-3.0
-5.0
-3.314043395426487
-3.7040792077686175
-2.0
0.2901026358528218
-3.0
-1.986784021222301
1.5985741447044157
-2.5
-6.0
-3.0
-4.0
-2.5
-4.0
3.0
-3.0
-2.5
-4.5
-4.0
-3.0
-7.0
-7.0
-2.478147712798977
-6.0
-5.0
-3.5
-5.0
-7.0
-3.3614209530721206
-3.0
-2.0
-3.5
-3.928966604928809
-3.0
5.114847876393929
-3.0
2.5946992331666427
2.5495330746643408
-2.5
-3.0
1.6947473182143962
-2.5
3.435958728516513
-1.5
-3.0
-2.0
-2.5366604377463333
-5.5
-2.0
-2.0
0.5924193023712594
-5.0
-4.0
0.9833455750208566
-2.5
-5.5
-3.5186285312474475
-1.5110791797851193
-3.0353440128119944
-2.0
4.057146379750423
-3.5
-3.0
-3.0
-3.5
-3.0
-2.5
-3.491836395772293
-3.8538357565579773
-4.397506181286685
-2.5
-0.9487883545655178
5.718485053184356
-4.0
-4.5
-2.0
-1.4497021051259793
-4.0
-5.808348861599306
2.236361694342382
-4.0
-2.0
-4.0
7.424324202770812
-3.0
-3.170994018477782
-2.5
-3.5
-0.6992977258931767
5.068269518913793
-0.7334013621265121
-3.5
-2.5
-3.5
-3.0
-3.0
-3.9801175434057883
-8.5
-5.0
-4.0
-3.0685197258126164
3.4272608698392997
6.699807222215555
-2.620354355879456
-5.5
0.45444180222627584
-1.5
-2.4483533755292877
-5.0
-1.5
-3.0
-1.100087861279588
-5.5
-1.8420038867720687
-5.851725777083347
3.396872642850966
-0.6390545425495313
-0.040468318788294155
-4.5
-0.5
-1.5354283419970096
3.014740282241826
1.4809780892882785
-4.5
2.3773513029384072
-2.0
0.41604204013076007
-2.0
-2.5
-4.0
-2.5
-3.5
-3.0
-2.5
0.9143832788176467
-1.5716862277655461
-3.7680860081069385
-2.598376685957088
-2.5
-1.5
-1.7084461353522151
-3.5
-5.0
-3.0
-2.5
-3.914027568353715
-5.0
-0.20240303220926759
-2.5
1.1030455880550871
-4.0
-7.5
-2.696855471693236
-2.0
-5.5
-4.5
-1.5
-1.0
-0.8187135372691552
-6.0
-1.0
-6.5
-3.494864401591437
-2.0
-2.5
-2.0
-2.5
-1.1629478524507788
-4.0
-2.0
-3.5
-3.0
-3.0
-5.5
-4.0
-4.0
-3.0
-3.5153516893650325
-2.5
0.41028799177972863
-7.0
-2.5
-4.0
1.5
-6.5
-4.0
-7.5
-2.5
-3.0
-5.0
-0.43375562873099244
-5.5
-4.421375180133365
-2.824740478404257
-0.5432106593077153
-2.0
-4.5
4.050517144763627
-1.5
-1.1136360005470503
-1.1900442758269785
-6.0
-4.0
-2.5
4.650990414611025
-4.0
-2.3256323632588694
3.988092149373029
-4.934897195760303
-3.5
-6.0
-1.0
-1.7945213529971187
-2.9735298443334575
-5.0
-2.5
0.6611738597803463
2.3496289761123634
-6.0
-5.0
-3.464226546400834
-4.899521914869826
-5.0
-3.4628571859227124
-4.0
-3.5
-0.3678147348235452
-2.5
-4.5
-3.5
-0.9555845547746555
-4.5
-0.863998505807511
-3.166027293998249
-3.5
-3.5
-4.0
1.0
-3.4
-3.8167469349777976
-6.0
-2.0
-2.5
-2.807112606905345
-0.8095333580900517
-4.0
-3.5
-2.0
-2.5
-2.5
-6.5
6.331420535757716
-4.0
-3.519827224873921
-5.5
-4.0
-2.0
-3.6929264981896943
-3.5
-3.0
0.14420941304348478
-2.87127240376047
-4.0
-6.5
1.4952553839160294
0.0
-5.5
-0.3011431053211482
-3.5
-1.944377890893121
-1.5
-6.115061242935446
-0.2521695381124973
-0.22438259103206226
-3.0
-2.5
-6.0
-3.5
-5.5
-2.592083674883681
-3.4243472308065224
-2.0
-3.0
-2.0
-4.5
-3.5
-2.5
-4.5
2.164941894150328
-2.0
-1.5
1.0648492891097918
-2.0
-6.0
-2.5
1.1190431344986607
1.0127653482411958
-1.179264851832433
2.0
-2.7137769677391086
-4.0
-5.0
-3.4760992250659695
1.4619300404809037
-3.5
-4.5
-2.0
0.6664859453890335
-4.0
-6.0
3.8986529090245954
-2.488029184254419
-1.0908070813375845
-6.5
-0.5
-2.4934653630091717
-3.2758150505264956
-2.5
-1.5
-1.5
-4.5
-2.0
-4.5
-5.0
-4.47579226676009
3.24022996000872
-2.886538974163457
-2.296790266372443
-1.9192623386203405
-3.0
-3.0
-3.215391114698188
-2.2147428996476193
6.180542735935238
-1.5
-5.0
2.80533977036606
-2.5
-6.0
-1.5
-2.5
-2.857351558571545
-3.5
5.2126992730950334
-0.8213807843368097
-5.0
-5.5
-4.0
0.26693140014737726
1.1622770472147632
-0.7852019497526389
-2.3923772350642887
-3.5
-4.5
-3.5
-3.5
-2.94750106007141
-4.5
0.6090396716457644
0.8416342121649825
-2.5
-1.9104117554426376
-3.5
-1.5827351498063362
-5.5
-7.0
1.5051640620966822
-1.5
-1.686673924765039
-2.6956509675202227
-5.06530022005221
-4.493561689580099
1.3486996445522528
-3.0
-3.5
-1.5277026741329227
-2.0
-1.0
-4.0
-2.0308753604734915
-6.0
-3.0
-1.5
-5.5
3.9332048908560084
-2.5
-1.777596886183911
-3.5
-3.5
-1.1077178988096894
-1.1631890810846823
-3.0
-3.587299147570809
-1.3149350278402083
-3.0
-5.0
3.1935763768287346
-1.6699487559139627
-1.5
-3.0
-4.5
-3.5
-3.0
-1.9268420025138484
-3.0
-6.5
-0.5978008660654281
-2.5
-6.0
-6.5
-6.0
-3.728541728668723
-2.5
-6.0
-2.2932310387519292
-6.107367658676986
-2.0
-3.5
-3.0
-4.5
-2.0
-0.5
-6.4271927844727585
-1.5
-3.7529539241979157
-3.5
-7.0
-3.1855849123649858
-4.0
-0.6872980373292075
-3.0
-1.13909173992427
-2.5
2.561127666782287
-3.3042075127351858
-7.5
4.644568360455362
-3.5
-4.0
-3.5
-4.0
-1.9043385241683881
0.5
-5.264028511205346
-2.5
-3.5
-2.0
-1.898568795440942
-4.255844265259634
-2.5
-1.5
-0.8228588202153158
-1.0
-3.0
-2.390328113940445
-6.5
-4.5
-2.5
-2.473178029683769
0.3128382571656749
-3.5
-2.5
-3.0
-2.94929003514303
-4.5
-0.8660501460468524
-5.5
0.23213000611400456
-4.5
-6.0
-0.7046303227711745
-4.5
3.0669378818626503
-5.0
-3.0
-2.5
-1.0030805498158462
-2.263252742022776
-2.0
0.0
-2.5
-4.0
-2.584153762606596
-1.5
5.493420333469782
-0.20584031704036265
0.8361760731609387
-5.0
2.6829072035825794
-1.5
0.399832637009617
-4.602498268862676
0.5721604675800207
-4.5
-4.228290395460812
-2.0
-2.5
-3.5
1.3827653455169817
-5.0
-3.5
-1.0677521199990734
0.8002620343051596
2.0888032086884483
1.6323171799621683
-3.0
5.518728744260814
-3.148642817893272
-5.095764076995695
-5.0
-7.5
-0.8994331405879215
-3.0
-6.5
-5.0
0.6108924608339283
-3.5
-2.0
-2.5
-3.5273253032313714
-2.0
-2.1493202770691013
-3.0
-2.483156432746772
-3.440962115822048
-6.0
-1.0939837214997232
1.5674956454629303
-5.457683078123528
-3.385094921086522
-2.5
-4.5
-2.0
-3.5
-0.2921698142574498
-2.5
-2.0
-2.5
-4.5
3.119144298497526
-3.0
-4.0
0.0
-2.5
1.4560654848501255
0.0
-2.5
-3.6314043732171886
3.3294382131562776
-2.1316929724165026
-2.2322749821961274
-3.0
-5.0
-2.5
-1.5
-6.0
-1.446374971348566
-1.5
-5.5
-4.0
-5.0
-1.5
-5.488431993146534
-0.9061157043124646
-4.0
-3.5
-3.0
-3.440273475169009
-1.8659568808654425
-2.5
-4.539736067801171
-2.0
-2.5
-8.0
-1.0
3.7213040855516724
1.9920330066351033
-2.5
9.653364853504497
-3.0
-1.6837964790418583
-1.5
-4.5
-1.4775950703397607
-2.2437164627103474
-3.5
3.7381736446657854
-6.0
-3.0
-3.5
-2.5
-4.5
-3.0
-4.5
-6.5
-5.5
1.4802446758018313
-4.5
-4.5
-6.0
5.123989048148797
-3.5
3.0445055786067172
-1.7968778249338893
-2.0
-3.5
-2.0
-7.0
0.8098792465725717
-2.9367532821011606
-3.5
0.8256329022009385
-0.30087335041303565
-1.0
-4.0
-5.0
-4.0
-1.6867522127633598
-2.5994549524332973
-4.0
-2.0
-4.48543723648187
-2.270354783746256
8.637238257774799
-3.5
-2.5
-4.0
-3.0
-2.321262292095695
-3.0
-2.5
-3.0
-3.0
-2.0
-2.0
-4.29996818747214
-1.2563445933194912
-2.5
-0.9395496290338055
-7.5
0.0
-6.5
-7.0
-4.5
-7.5
-2.0
-3.5
-3.0
-3.0
5.0100060390895065
-3.0
-2.5
-1.5
2.1391085444113287
2.9027019316012965
-3.5
2.009231893304432
-2.0
-2.5
-4.5
-2.0
0.21393428238732248
-0.5
-4.5
-2.5
5.1847547376439085
-3.0
0.11395468310827139
-7.0
-3.2103856110132956
5.014355561209469
-3.5
-4.5
-0.9602663380189067
3.2155547637966944
-2.0694013133355362
-4.0
-2.0
-5.5
-2.4195244282275663
0.652914987388657
-0.5
-3.0
-4.0
-5.0
0.13207483738193093
-3.2307989573553964
-6.5
0.6224138984766521
-2.5
-2.0
-2.5
9.271969213963587
-1.7620404351757761
-1.5071731429849338
-1.5
-3.388799283074791
-4.0
-4.0
-2.5
-5.908153706179647
-2.2573873546696066
1.7545211147388697
-0.5
-4.0
-3.5
7.9916261530936765
1.2865199601803972
-2.5
-3.5
-2.705313450137404
-0.40764626715519814
-2.0
6.369206361818913
-5.0
-3.5
-2.163198334055086
-3.0
8.911324516458958
-1.424189326634189
3.008811129233239
4.752821868837195
1.069319027673474
-4.807545929131274
0.8362137209660965
-5.0
-1.5
-5.5
-7.492628826010412
-2.5
-4.5
-2.0
-1.5910296059381754
-3.5
1.6664887233818728
-3.724531782460405
-2.0
-5.421269807706667
-2.5
-4.0
-3.5
10.599843263791282
-0.5
-4.0
-3.0
-3.5
-3.0
-1.6515972663074343
-2.0
-1.5
0.40076590627228725
-0.9308103329190636
-2.5
-4.993213278156942
-3.5
-3.0
1.623783354759862
-5.5
1.090189934577337
-2.5
-5.0
-2.260506560621195
0.42073172083758603
-6.0
2.951230158802045
-2.5
-2.0
-3.0
-1.0
3.2085677323700814
-1.9982538063893256
2.813801563215912
-6.0
-1.5
-5.5
3.6614028652429145
-2.5
-1.5
-1.0990614813712374
-3.9345774421610145
-3.0
-5.761701568258101
-3.5
-7.5
-2.0
-6.0
-1.0
2.7057653332145017
-2.0
-1.5777841271716744
-1.4543014864360841
-6.0
-1.9827362194110456
-3.8566638252100756
-0.49608942845896964
-3.074550828950257
-3.9926470806826697
-2.0
-3.5
-4.5
-3.257338921715088
-4.5
-2.5
-3.5
-7.0
-2.0
-3.0
-4.5
-1.4303427929969956
-2.0
-3.0
-0.9884069116404404
-2.5
-1.5
-2.0
-0.860934410162155
-3.5
-6.387659211509497
-2.8632983921067483
-5.674544370645705
-2.5
-4.0
-1.3914781180921154
-2.2647185685211495
-4.5
-6.0
-2.0
-3.5
-2.0
-4.0
-7.5
-0.41829710069510884
-1.0
-2.5
-5.0
-5.5
-3.5
-6.0
0.8303162698489062
-3.5
0.8332578412641765
1.2061853004203669
-3.5
3.534171031363141
-2.5
-5.0
-3.0
-6.0
-0.24832030175524733
-5.0
-0.0906989385144179
-5.0
-2.5
-2.5
-3.0
-0.41171351778657583
-6.5
-2.1882017364411253
3.4320992188340043
-2.0
-4.0
-9.0
-2.0
-2.0
1.6207929030802237
-1.5
-3.5
-3.023012591564272
5.879686546296677
-2.940423700541227
-4.5
-0.46369373395152175
-0.13675285587522978
-2.123955028770726
-7.0
-1.0
-1.5
-3.0
-3.935542642455416
-5.321944403140339
-1.3610102353613809
-0.6686996907612008
-3.5
-3.0
-3.0708355238810228
-5.0
-3.0
-1.5
-2.5
-0.5
-4.5
-3.1710856271091563
-4.101093661708581
0.6129098418762382
-1.5
-4.0
-3.2945565496539997
-5.0
-3.0
-6.0
-2.5
-0.19637635692441313
4.6426441506952365
-2.0
-3.0
-6.5
-2.8442529784318404
-3.5
0.1697710414854896
-0.8922581014925028
-6.5
-3.5
-4.250431393084241
3.324156696244915
0.14642418301832816
-6.5
2.0087710896190942
-1.7899222669301489
-3.0
-2.5
-2.415352359506468
2.2144796199046897
1.5
-3.5
-7.024281604765884
-1.856870548627987
-2.5
-3.5
-3.526446140895514
-4.562439209154353
-3.417718897654331
-5.5
-3.5
-5.5
-3.5
-1.6299546341951867
-4.0
-4.0
-2.3266930810330146
-3.0
-5.0
-4.0
-0.19753923959164466
-5.5
-2.0
-3.5
-3.0
-1.0
-2.5
-5.3366826722697445
-6.5
-2.0
-2.5
-3.765909741545559
-3.0
-7.0
-6.5
-1.2210791714022067
1.5
-3.0
-3.5
-3.5
-2.5
-1.3165744714911813
-4.5
-1.1603210279303662
-3.0
-2.0
-3.0
-0.2608854120406092
1.378146333135268
-6.74668910125704
-4.5
-0.9856051949843381
-3.0
-7.0
3.5553338335130027
-2.5
-1.388356974675137
-0.6450111475771932
2.4061237689539503
-4.5
-2.0
-3.5
-4.0
-4.0
-3.5
-2.9898741833262124
1.2423218519541042
1.3245123692437129
0.34974680403174796
-4.0
-3.5
-3.0
-6.0
-3.0
-4.0
-1.5
-1.5
-3.5
-0.9674878070248851
3.0481440019568318
-3.458004117039369
-1.831167576919352
-3.0
-7.0
-1.4049293479976728
-0.9377199278409993
-3.5
-2.0
-2.5
-3.0
-7.5
0.0
-3.830075800226319
-2.376188094674885
0.8860377920776212
-2.5
-3.0
-3.456343508325433
3.0437429837360983
2.7120231403210178
1.272750622003502
-0.22574559924267712
-6.0
-3.0
-6.0
-6.0
-2.5
-1.9595113232332886
-4.0
-2.5
1.8215378556708313
-0.5231860040067122
-3.0
-5.0
-3.0
-4.5
0.6715767534429045
-3.0
-1.412527798610914
-5.0
-4.5
-3.5
-2.0
-0.04767433849083341
-1.0
-4.5
-4.0
-2.0
-3.5
-3.0
-3.0
-2.254265536076387
-6.5
-3.5
4.383573976249776
-2.0
-0.24635169665962664
-5.0
-3.144112781315039
-0.17701177640777477
-4.5
-2.0
-3.0
-4.0
-2.8952266821133508
-4.0
-0.18900574624573174
-2.5
-0.9009106421545354
-5.5
-2.5
-5.0
-4.0
-1.5
-2.975588018714807
-0.39357472003218485
-5.5
-5.0
5.444178885031147
-4.5
-1.7444531936502143
-2.0
1.4293732996255497
-8.0
-4.5
0.3098912156491229
3.0972170613202987
-0.1275908319897856
3.0977995015048103
-5.5
-4.876987988562254
5.824927195054046
-4.0
-7.0
0.6468997116430981
-2.969611484123654
-4.0
-4.5
2.5639900116263155
-4.364579809244467
-3.5
-3.0
7.892275618312528
-3.5
-2.5
-6.0
-4.0
-3.3786508134357853
-1.0
-5.0
4.434155974647178
-1.5
-4.5
-7.0
-3.5
-0.2550635487196887
-2.5
2.298920923958039
-2.5
-3.0
-6.0
-1.242779990840776
-5.0
-2.0
-4.5
-3.3365842494108247
-2.5
9.503906765616694
-3.0
-3.5
-0.019578106823119446
-2.5
-3.0
-4.0
-1.5
-3.0
-2.262637214673566
-0.3275818591765751
-2.5
-3.6210785874050124
-7.5
-3.5
-1.451773017203017
3.873147759893032
-0.6289751877240872
-3.0
-3.0
-6.0
-2.1712558586248054
-3.0
-1.0
-2.5
1.1183677130100473
-2.0
-2.112704119518164
-3.978521247955748
-4.0
4.415381301628216
-5.0
-3.0
-2.5
-0.10489039475341388
-5.498003720459238
-4.5
-7.0
-3.5
-5.5
1.8931359647033776
-3.5
-0.20525335112816112
-3.0
-4.0
-3.0
-1.0678938915399505
2.0698793394935002
1.217020277226407
-6.5
-6.0
-0.717911770565409
-2.0
-1.86289161089409
1.0024512883580332
-1.1744997671880177
-6.5
-0.24268919806042377
-1.5
-5.5
-5.0
-3.0
1.1996714915418887
-2.5
-5.5
-3.5
-4.0
-2.5
-6.5
-3.1649296132468185
-0.44961492018363813
2.0105478356444966
-4.0
-2.494647052996352
3.295345898481952
-4.0
-2.2449532702906017
-3.5
-2.0
-0.8987296722555849
-5.5
-4.0
-6.0
-5.0
-3.5130274024500334
-4.5
-2.0
-3.0
-4.5
-3.0
11.349350202183906
2.00901096108045
-3.098544168305161
-4.0
-4.0
-0.4955055645977934
-5.5
-7.0
-2.5
-0.5235463794326394
-3.0
2.2083346933457877
-4.0
0.923289173789791
0.4190773631653917
-1.0
-3.5
-3.0
-3.5
-4.5
-2.5
-2.0
-1.3055720828936535
-5.0
0.8502778526357706
-4.5
-3.5
3.8945966278422945
2.3250828373167733
-1.6346202951830766
-5.5
10.32740347570235
-6.450428252240081
-6.0
-7.0
-3.2138983432618895
-3.5601988446662767
-5.0
-2.0
-1.0
-2.5
-3.0
-3.497268781750972
-4.0
-2.4157537340264974
-4.5
-0.05649457016407844
-1.5
-4.0
-1.0
-2.5
-5.0
-2.8658431945647935
-2.0
-5.0
-1.4441719986409396
-3.0
-4.5
-0.7988794352299031
-2.5
-4.5
0.5
-4.5
-3.0
-2.0
-0.4594034108240881
-6.51039463563269
-5.5
-2.5
-0.9724375926930482
-4.791089441169772
-2.0
-1.5
-0.8699578206939658
-1.5
-2.0
-6.5
-3.0
12.373992891821779
-6.0
-2.5
-6.0
2.517932680507168
-2.0
-7.0
-2.6558778486522607
-2.906439303322605
-3.0
-2.0
-3.369685621578351
-1.1515324648124086
2.0234209097199543
-4.0
-2.0
-7.0
-5.5
-2.0
-1.2639790428395659
-5.5
-0.9028142596562521
-2.5
-2.5
-2.5
-3.5
-2.0
-5.0
-1.0
-2.5
-3.0
-4.590684305109587
0.5638310061087322
-3.5
-0.9506252274838465
2.0
-1.0
-2.0
-4.0
-3.5
3.236732675323866
-3.0
-0.8788396829086247
-1.443026619717858
-1.1728120972116178
0.00928459028026385
-6.5
-2.5
-0.7512933444512457
-2.2606343068874795
-0.48226035863092465
3.7975416520346297
-4.15103548005311
-2.002084145240431
-7.5
2.907616449576836
-5.5
-3.5
-3.3961387017448863
-2.5
-6.5
1.2761142660186966
-4.0448994628315065
-2.5
2.154637028419964
-1.4573397127713046
-1.5
1.1023744113529226
-4.0
-2.0
-6.0
-3.0
-1.5
-1.230996054431388
-3.0
-5.0
-2.862573770671263
-3.0
0.5
-3.0
-4.677030272704954
-1.1200176299273497
-4.0
-4.0
-2.5
-2.0
-5.0
-7.5
3.5025494767111836
-1.936862828622767
-4.5
-2.0
-4.5
-2.5
-1.5
-0.1967986575913434
-2.0
-2.0
1.0
-2.4427126480185937
-5.0
-5.671807089400746
-2.0
-1.8203778238292936
-1.401717243908391
-6.0
-3.0
-2.0342049994172102
-0.5925223014830123
-3.5
-0.2978253354428446
-5.0
-3.0
-1.5
-3.5
-2.5
-2.5
-2.0
-2.6173048002264165
-1.5
-6.0
-6.5
-1.5835111803155941
0.010758738780478172
-2.5
-5.620420503535701
-6.5
-2.5
-2.0
-1.6208154284356397
1.0610009295501253
-4.0
-1.1541487816080687
-4.0
-7.5
-2.0
-6.5
-4.269765530181367
-1.3930059611584586
-4.0
-2.0
-6.0
-4.5
-2.1555717626465447
-1.095656001280552
-3.0
-1.5
-4.0
-2.0
-4.5
-6.4976191795746665
-3.0
-3.0
-1.0205086613727143
-6.036360203932374
-2.0
-2.163137339273953
-6.0
-5.0
-4.5
-0.9339870461788062
-2.5
-0.5
-1.1811646905740272
2.115987284408974
-6.0
-6.5
0.5847061777630067
-1.826730505096437
-5.5
-3.0
-1.1184273407897645
-1.6586980534510314
-0.507719517907673
-2.910742406714528
-2.5279219542525126
-1.5340835587678359
-2.5410480917638996
-4.0
2.4292350173602237
-3.9585932479990893
-2.5
2.8411008971221037
-0.2808870321688932
-6.0
-0.18786216336273664
-5.0
-5.0
-2.0
0.0033744631353900267
-6.0
-3.5
3.0580277412597514
-6.0
-4.0
-6.5
-2.5
-5.5
-2.5
-2.1445509961229687
-2.2595337253790118
-1.0
-3.5
-2.5
-0.5154755174305821
-2.5
-2.2897923973520444
-1.0
-1.8136233681375171
-2.3410631443985968
-1.5
4.413405290098843
-3.0
0.958087861411661
2.1842296487197608
-4.5
-1.0
-1.5
-4.432043674823119
-1.5
-0.28517905727103954
-3.5
-10.5
-0.8905966570263377
-3.739278939755494
-0.8496746417169733
-2.5
-1.3462709781759121
-5.5
-5.5
-1.5
-3.0
0.09714120252170622
-4.384683307118731
-5.6608688732923715
-3.0
-3.0
-2.0
-1.0330726820409246
-4.5
-4.0
-3.0
-4.5
-3.0
-0.09877488987028005
-3.5652201805011607
-2.5
-5.5
3.001810366294394
-2.5
-4.0
-2.0
-0.5
-4.062406553176154
-4.0
-3.5
-4.863274244071097
2.078296730036945
3.805788423318244
-2.9428199290238988
-2.4702633920607333
-3.5
-2.0
-3.5
-1.3463302885183146
-4.5
-2.5
-2.5
-2.0
-1.254094485727192
-3.5
5.91772406831677
-4.0
-4.5
-3.0
-4.0
-6.5
-2.5581626809191365
-3.0
-0.42335243017328006
-0.12098330954288739
-3.5
-5.5
-5.0
-6.0
1.7468226968682963
-3.356249921959762
-1.5
1.4006533306187006
-6.5
-3.99805132553168
1.7733468873624658
-2.0
-3.0
-3.0
-1.5
-0.8481265360209971
-5.0911981528623205
-2.5
-2.5
-2.6339542840214625
-0.09691298659599745
-3.8500218556562253
-3.753868011805132
-3.5
-3.0
-6.5
2.7656485483754034
-2.2758532059923215
-7.0
-1.5
0.5491906596579348
-4.0
-6.0
1.4993360765279764
-3.0
-3.5
-5.0
-3.5
-3.0
-5.0
-4.487935729417126
-4.0
-4.5
-3.0
-2.5
2.173918612739916
-3.5
-5.478072309394966
-6.340579442979586
1.9671506722749585
-1.0
-0.12464863608814714
-4.78329094909122
-2.5
-2.0
1.4518900845389684
-6.5
-2.5
-5.708263313963248
-1.5
-5.5
-2.0
-1.9349183897303721
0.04967413311612723
-3.0
4.176907033806247
-5.0
-1.7929914776475009
-5.784449237456824
-1.4635491395923488
-2.5
-1.5364866586079118
-0.9494185157907467
1.5063941314667821
-2.5
0.1792238187348083
-4.0
-5.0
-1.0183152302730014
-3.44813536312076
-1.7352322272154903
-3.5
-3.0871787706649974
-2.0
-4.0
-1.5
1.9214450110298258
-6.0
-4.0
-4.4754556393247045
-4.5
-3.5
1.177080422192656
-6.5
-3.0
0.8647856685156614
-1.6055710570848558
-3.5
-4.0
-1.0
-3.0
-5.5
-5.5
-0.5801372214681737
-5.0
-4.5
-4.2146373988349985
-6.0
-0.35368122270846736
0.2588803376980464
-3.0
-6.0
-2.5
-4.0
0.42167275516125846
-2.333564203960348
-1.0
-0.4926760373551548
-8.0
5.305435805396718
-2.0
-4.0
-0.968874445825352
0.4537322884584284
-0.430819814614926
-6.0
-3.0
-3.0
-2.5
1.189895795679842
-1.9597135984528333
-4.166811371697847
-2.0
-2.5
-6.5
1.5585700537489675
-5.5
-2.0
-2.5
-5.5
-1.0653892822484452
-6.0
-2.5
-4.5
-3.0
-5.0
3.590579837994791
-4.5
-1.5
-2.5
-6.0
0.20826548130150968
-1.5
-1.692010799102679
-5.0
-4.381058050133848
-1.9872231835458176
-2.952749959862545
-3.6745632627213194
-3.0
0.9736524115010603
2.6344593973216632
-5.5
-0.9026437158768217
-3.5
-4.458970698175024
-1.9712482192430674
-0.2397178188702751
-4.5
-4.5
-3.0
-2.357644993248031
2.3418055618848874
-3.5
-2.5
-1.0
-1.4897088093625266
-2.7134900598790255
-6.0
-3.5
-7.0
-0.5
-4.857960321313341
-5.881065092858654
-0.6975679533708345
-1.0
-7.0
-3.12734208033953
-3.419212242474902
-3.702989770246771
0.16105014116843996
-2.293901547117735
-3.0
-0.5604816007684068
-3.5
-7.0
-6.0
0.8799038003620888
-5.0
-4.0
-1.0
-2.0
3.1249155211760673
1.719558887614253
-2.0
-1.0
-4.0
2.543448076489687
1.4909750955865415
-4.0
-3.8547738098592297
-3.4317192187365344
-2.0
-5.115657136063195
-5.5
0.9943181940748365
-7.5
0.5492333336248714
-3.5
-3.0
-3.0
-2.5
-4.0
-5.5
-3.5
-6.5
-5.0
-4.0
0.1789126961055414
-1.587386827775478
-1.0
-5.5
-4.0
-2.392098658835231
-3.0
4.669596631286914
-3.0
-0.1216664182253866
-1.5
-2.6511280410589224
1.395407732252139
-4.0
-3.5
-3.5
-4.0
-2.5
-3.0
-1.0033092606245617
-3.0
2.336659426523168
-4.0
1.2981482528104014
-3.5941483558295033
-0.049465872054827886
-5.0
-5.5
-7.0
-1.0
-4.778837626871024
-0.8432610957356191
-2.0
1.2887391317770256
-2.0
6.471855992560745
-1.5
-0.6074311924480238
-2.5
-0.6608774221577509
-3.0
-3.692768225142096
-4.0
-2.0639175512942156
-4.118341822018113
-2.5
-2.0
-1.0
3.132210320247063
-1.7955386894628556
-2.0
-4.5
-3.0
-3.0
-1.3964174791471367
-3.5
4.849711495194471
-3.0
-1.5
-5.85852208305179
-4.5
-1.5
-4.0
-2.5
-0.861684951643563
-3.5
-4.5
3.728178224675391
-3.0
-3.622455327420122
-7.5
-7.0
-2.712577349311202
0.225983116445043
-0.48111846283371573
-2.0
-2.0
-4.5
-3.5
-5.5
-2.0
-3.0
-5.0
-5.105300868404309
-1.0
3.2392619143055716
-4.311919125960587
-3.5
-4.0
-1.7157278505881033
-1.0
-1.741066215396843
-5.5
2.4986497642687295
-0.14739447354048396
-3.0
1.8690943377008709
-0.843872801234232
-3.0
-3.5
-4.5
-2.9566503571857727
-1.469637158666355
-2.261855222020343
-4.169038764798152
-0.6081379315774841
-3.0
-0.40377701427026613
-0.5
-3.5
-4.0
-4.105967334502386
-4.0
-4.0
-2.436200169837729
-2.0
-4.5
3.1696020625577965
-2.5
-1.0231594657811285
-3.5
-4.0
2.0725285626886434
-3.816673851146848
-3.5
3.4024084599591125
-5.0
-3.0535999334925155
-1.7815344312056982
0.5569853615264728
-1.1321786096418718
-2.5
-2.0
0.2156481697614243
-0.137541302733454
0.28392424650966563
-5.0
-4.0
-2.5
2.3735637637174922
-0.5
-3.0
-5.5
-1.5
-4.0
-2.5
1.9743210283061843
-1.1079470062369823
-2.5
4.475034121832647
-2.3350179210393787
-8.0
-5.5
0.11943503230651187
-7.0
3.8990302367890566
5.55301919149922
-5.5
-3.9072712759568713
-2.5
-3.5
1.7486157142277472
-3.5
-4.0
-3.0
-2.1452196154681777
0.6786868035240743
1.3672439255897153
-4.0
-2.9824381592701243
2.1158087469899085
-1.4544547913600332
-2.5
-2.5
-4.0
-1.6856649728011723
-3.8720565012606083
-6.0
-2.192809451853851
-3.5
-2.997202369643314
-7.0
0.36270280766690466
-4.5
-3.0
-1.5
1.4230040324123046
-4.0
-2.0
-4.0
-2.0
3.608085380635637
-4.212544629165223
-4.08674318406574
-1.2515328802461303
-2.0309591707109744
-0.3520227087443495
-5.5
-0.9702637607243333
-4.0
-3.0
-3.0
-3.5
-4.029939537111122
-4.5
-1.168222745177439
-4.5
-4.5
-1.0
0.0
3.6286464422577325
-0.05379090771300987
-3.5
-4.5
-3.1931720029040283
-6.5
-2.0
-1.669290852839281
-7.0
-3.5536892226293193
-4.5
-3.5
-0.02455261725725366
4.5654605577767375
-7.5
2.0812978995072235
-6.5
-4.0
1.6219573519903236
-2.0
-3.0
-4.0
-5.0
-2.0
-1.1744151883774046
1.9372930620317685
-3.747168927345024
-3.0
-2.5
-3.396368129931447
-1.5
-5.5
0.7606482188812231
-5.5
-4.0
-2.5
-3.7101351907107465
-2.5
-6.5
-3.0
-3.3206653445045737
1.2646739934661428
1.7668151152025464
-1.5
-3.0
-1.0
-4.0
-2.0
-5.101676439445187
-3.5
-1.9025781568261433
-3.5
-6.0
-2.2149018912681577
-0.16836652576943312
-3.5
-3.5
-2.2783763642421064
-4.0
-1.5
1.8401994482117532
3.0264426603035552
-2.5
-1.0
-4.5
-6.0
-6.0
-2.0
1.4422064687371066
-3.5
-1.5236328732305826
-6.041431340360347
-1.9198328184860196
-1.0915498831665587
-3.0918632498759235
4.65884029655799
-4.5
0.6630807373837451
-2.5
0.7206801975990258
-0.059849830972873885
-2.045572232060362
-2.890127707966527
-6.5
-4.5
-2.0
-5.0
-0.5352166133802213
-3.5
3.0
-2.0
-7.5
-2.0
-1.5
-3.5
-5.5
-3.0
0.051539204399294845
-4.5
-5.5
-5.0
-3.5
-1.5
-6.5
-4.5
-1.0
-1.771925725044642
-4.0
-3.0
-4.5
-5.0
3.555175204932638
-7.5
-2.2861730306044175
0.1811934810282536
-5.0
-7.5
-3.5
-2.5
-4.5
-5.0
-5.0
-4.5
-3.0
-3.0
-6.0
-1.2052247259041977
-4.0
-5.5
-2.9871664137247
-3.28672056950171
0.5100693785236909
-5.0
-0.5
1.257441701846032
-2.5
-2.5
-1.5
-3.5
-5.0
-4.0
-5.5
-3.0
-4.0
-5.5
0.8260657211330087
-3.5
-3.5
-2.5094626930936275
1.353633501719164
-3.5
-4.0
-4.5
-1.0
-7.0
-6.47328937671487
-1.9547389592360922
-2.8536336961098345
0.19950140818419637
-3.0
-3.1642983006690657
1.6626556084358657
-3.0
-4.0
-5.425594232298806
-3.0
-0.8004033771805186
-2.5
-6.5
-3.5
-3.0
-3.0
-2.0
-4.5
-4.0
1.5021316855544633
-7.0
-3.0
-4.5
0.7827557966212151
5.018243420425516
1.3173511402700546
-4.0
-2.212158112174091
-1.3211690221804497
-7.0
-1.501082012798535
-4.0
-7.5
-1.8947685387487088
-5.647937973244397
2.6834966320232727
-7.5
-2.0
-4.0
-1.5
-2.5
-3.475083441738022
-2.5
2.1880173848812037
-3.5
-2.5
-4.0
-2.337785827844697
-4.0
-3.5
-2.0
-2.3606571705879205
-1.0
-2.988555151651005
-0.6886122460194097
1.727166744073085
-7.0
-1.8427140966246858
-3.5509908857095676
-5.5
-3.1734752865558438
-4.0
3.0152052539300387
-2.0
-2.258328000219281
3.608707596338828
-2.5
1.0790562855760788
-1.5
-5.0
-3.5
-0.8541462412050855
4.855131180128216
-2.3155009699177618
-3.2900545062992452
-5.5
-2.5
1.7025188882358293
-2.5
-3.7370122109255313
-3.5
-3.0
-4.5
1.0129391573263318
-4.102089976437602
-3.0
-3.9915491645259786
-1.0
-6.0
-2.5
-3.0
-3.0
-4.0
-5.0
-4.0
-5.5
-3.0
-2.5
-3.3988609984673546
1.0280867503400244
-2.0
-2.7723833639717146
-2.5
-4.0
-3.4048387148348485
0.37097521327948435
-7.5
-5.313544343497217
0.991932623423309
0.0
-1.5
-5.5
0.193714244526765
-3.84908302657439
-1.0
-4.5
-4.5
-0.7659244706646504
1.6991110106245104
-2.0
0.27229044669564817
-6.5
-2.0
-2.5
-0.24301514342665453
-5.5
-2.5
-3.0
-4.5
-3.4853145083117485
-1.8184838953097788
-6.5
-6.0
-4.0
-2.5
1.2017086751778798
-2.0
-4.5
-3.3493958994187945
-2.0
-1.0
-6.751381184551837
-2.0
-4.0
-2.5
-0.5
-9.5
-0.9103363194429641
-1.3561690862859015
-6.0
-1.7152627597896555
-2.0
-3.5
-1.0
-3.0
-1.5
-3.344687334847196
6.936769141497235
-3.5
-0.5
-1.2604255029318414
1.053445224864337
-2.0
-0.5
-1.5
-3.0
-5.0
-6.0
-0.8906600530112749
-3.0
-1.4747274284834258
0.38407426548889045
-2.5
2.3430700847254116
-2.5
-0.7045950681339893
-6.708151469105831
-6.0
-3.0
-6.0
-2.332959564373973
-0.6711932339860587
-5.0
0.23898157978758694
-1.604237741708008
-5.5
-2.5
2.4311577008111893
-3.0
-6.5
-6.0
-3.0
-3.0
-5.5
-1.5
0.3894243211416055
-5.0
-7.0
-1.5
-6.5
-2.5
-5.5
-1.767164134185074
-3.5
-2.4415122962407505
0.0
-0.23584738131398097
-3.9057030647915094
-3.0
-5.266498568791212
-2.5
-5.5
-7.0
-0.4858321627064981
-5.0
6.831143578953169
-5.920423795634653
-2.0
-6.0
-1.4641733810162416
-2.5
0.72489240539816
1.7912440923091815
-1.5
-5.0870119890825105
-4.5
-3.5
1.9841073626943104
-2.3271282367409367
-4.0
-2.0
-7.0
-2.5
-2.0
-3.7065716291099484
-3.0
-5.0
-5.0
-3.5
-4.0
-5.5
-2.0
-4.0
-5.0
-7.0
-2.0
1.473756244086165
-4.333114267514495
-0.9729899476196104
-0.8825059804056434
-1.5
0.059173273570905405
1.3079348541465838
-1.5
-1.5
-1.9595050803883542
-4.5
-2.0
-3.5
-5.0
-1.5
-3.5
-5.5
5.505948968641903
-2.7865458405219434
-3.5
-6.5
-2.5
-0.5479820800734618
-3.5
-0.7528708853163188
-0.24615819655179788
-2.0
-8.5
-4.0
-2.0
-3.4614817700040996
-2.81876340308484
-6.0
-2.0
-2.5
-2.0
-3.5
-1.578423891418494
-0.93320159741838
-2.5
-1.5
-2.0
-0.9980887606615273
-2.5
-2.5
-2.0
-2.0
-3.5
-4.5
-2.5
-2.5
0.6153002655245201
-3.274743340182084
-2.0
-8.0
-0.9589982984606618
-4.0
0.4421217563078177
-1.6583117843016133
-3.5
-3.9408494756783483
-3.752243665053989
1.3678143024796956
-3.0
-1.5
-3.197629386690603
-3.0
-0.23765491031420138
-0.26929538530377206
-7.0
-2.5
-4.5
-2.0
-2.0
-4.792273365215871
-1.5
-4.0
-4.5
0.03155976070369128
-4.0
-4.5
-2.0
-4.0
-2.4143185677463825
-0.3590969855978505
-2.0
-5.0
-3.5
-5.3113106987077625
-2.5
-2.4528231473963564
-2.725715835541161
-5.5
-2.6944857785038394
-2.1726004756359685
-2.0
-1.8324432118891048
-3.5
-2.0
-3.0
5.764913765846787
-3.0
-2.0
-3.0
-3.0
0.22774523541263902
-0.31729938402435987
-1.6815960168816604
-4.0
-0.6750261272622952
-3.0
-3.5
-1.4875664658356331
-3.5
-1.7721695132546413
-0.6970700431187451
-3.0
-4.669853206824476
-3.810649156544523
0.6787842168050278
-5.405346932782926
-5.5
-2.0
-1.2033419028232823
-0.07306726997019375
-1.5
-4.5
-1.7550190036838376
-3.0
-2.0
-2.5
-5.5
-2.5
-0.3848471571015084
0.1000850144286094
0.4792021105802844
-3.5
-3.5
-2.5
-2.0
-7.5
0.9394984494327203
-3.0
-1.5
-2.5
-1.4576643249945147
-5.5
-4.5
-1.268506496480022
0.35440778117110816
-6.0
1.76914600907828
-0.09698622868388385
-2.969914161507413
-1.0
1.297051198056224
-5.369648752125325
-1.9038244044356043
2.769758286009041
-3.5
-6.0
-1.5
-2.5227326299325665
2.1359108474836734
-2.5
-4.5
-2.5
2.320013589680542
-0.12004816882077174
-1.5
-6.5
-2.0
3.375891621103653
-0.706665339208306
-3.5
-2.2862503513070194
-0.7776773148563905
-2.5
-4.5
-3.45323233194952
-2.12610171514771
-2.0
-4.0
-1.7724804991527334
-1.533746220099986
-3.091793160937378
0.7623454354841148
-1.2157043933761318
-2.0
-5.5
-5.0
1.270833074410238
-2.5
-2.5
-4.0
-3.749495106083086
-6.0
1.2889381244088396
-7.0
-3.8831621928818434
-2.2289056292676452
1.700312970121048
-5.5
-3.31327504369662
-2.9913285788079658
-4.5
-4.0
-4.5
-4.5
2.347035066172369
-4.5
-1.5
-1.456143010484916
-2.0
-1.5
-0.5
2.442513603068829
0.6383242904285411
-3.0
-4.5
-5.0
-4.5
-3.5
-4.5
3.285735724258415
-2.5
-1.075068138296156
-4.0
-5.0
2.855468062899326
-4.5
3.258703763432745
-4.0
-3.5
3.0283784918320125
-2.610527151193489
-3.5
-4.5
-4.5
-5.5
-4.0
-5.5
-3.5
-5.866020058606032
-3.0
-3.0
-0.6444029147337407
-4.5
-0.3775825760379963
-5.0
-2.731401581361844
-2.920003522514232
-2.5
-2.0
-3.5
-2.5
-4.0
-3.0
-5.5
-3.5
-5.4728245974778815
-5.5
-3.4554239656815904
-4.220454635559765
-6.5
1.970184785078601
-5.5
1.752521312892347
-1.828335867274847
-3.0
-3.5
-0.4458502687992878
-4.0
-5.0
0.8036030773197671
-4.0
-2.329341057436115
-1.5029239601750497
-0.7043968969711806
-3.9649288514099603
-1.3357829968071018
-2.5
-2.5
-2.9678777710536486
-1.7721021989108727
-2.0
0.27823826085580516
-1.5
-4.138370559049841
-3.5
-0.4329901279205588
-2.5
-0.49886458090885766
3.3123838202577978
-0.8455083989231842
-3.5
-3.873777997689271
0.42349698777731404
-2.5
0.8513597482967561
-2.5
-2.0
-3.5
-1.0
0.8830852875310282
-4.022654691567244
-5.0
-3.0
-3.0
-1.5
-3.5
1.95487305199181
2.6113055733612156
-1.7142059448169225
-3.0
-0.9158748203255911
1.1379498347551986
-3.333694263163045
-2.0
-2.5
0.7591477672639564
-1.5
-4.0
-3.2649009602199666
-1.0740524261772932
-2.0
-4.5
-4.0
-4.0
-2.5
-6.0
-2.1768627410130206
-5.125316711040933
-3.5
1.5684147624412557
-0.4851657696159988
-2.5
-5.0
-0.2122579818589534
-1.5
-4.5
-4.0
1.1007589877731592
-2.5
-3.5
-4.0
-6.5
3.306079206983303
-6.5
-1.9420501217449173
-3.0
-4.0
-4.0
-4.0
-3.0
-3.6243920433493066
-4.5
-4.0
-3.5
-1.5
-3.0
-2.449452727922171
0.41161704611869876
-0.5537303231731091
0.762953213738041
-2.0
-0.14436253905228336
0.9228213105039265
1.276116873573236
-2.5
-3.5
0.9423556574042391
-6.0
0.5956326926768214
-5.0
-3.5
-2.0
-5.0
-6.0
0.6863703481977883
-2.106065873786533
-1.0
-5.5
-6.0
-5.0
-4.0
-2.9050424184966896
0.4624972547147288
-2.938255873348079
-3.5
-3.0
1.5912099227638086
-1.1959235470575011
-4.0
0.32165246926208724
3.795169464099481
-5.5
-2.0
-5.0
-1.903811353549656
-1.5
-5.0
-1.4495953480892068
-0.45227229262033686
-1.9480334410049245
-2.0
-2.566167412380859
-4.0
-1.5
-0.5
-3.5
-2.5
-2.1103852659956726
-2.45403578493932
-1.9665207319404883
-1.2889361970223197
6.491266988480108
7.302022568367915
-4.0
-4.0
2.201617195032526
-4.0
2.802688489880504
-5.0
-2.4403433136400343
-4.5
2.0163654884952047
-1.5
-2.5
-2.5
-4.0
-3.5
-2.4167378089620737
-2.5
-5.5
-3.5
-6.606287631536324
-2.8998574630307514
-0.4081805542568149
-4.5
-2.5
-5.0
3.3710723299928222
-4.0
0.9068342800584506
5.86124998063453
-5.0
1.4942354469350985
-2.0
-4.5
-1.5
-2.5
-4.0
0.05861397931462076
-2.669291176922142
-6.0
-3.5
2.5
-8.5
-3.5
-5.5
-1.759069647336944
-4.504576051295359
-1.5
0.6088928181739917
-8.0
-4.5
-4.3482707703763435
-3.5
-2.0
9.220876724938634
-3.5
-4.5
-1.4790248431050044
-3.0
5.882110343911234
2.863370408625631
-2.785410701120573
-4.0
3.3800060684171918
-4.5
2.2373578316227136
5.7399651071503985
-3.5
-4.0
-5.0
-3.5
-6.0
-2.4304668740110884
-5.0
-5.0
-3.779712044324831
-2.0
-3.776492671184392
-5.5
-3.3027579365268736
-2.5
1.1817370128934108
-3.5
-1.334736177675242
-1.1284730825177498
-1.0
-3.5
-5.5
-3.0
-3.0
-5.0
-0.12783140771219448
-3.5
-1.7814634863792116
-3.5
-3.5
-5.848727507571403
-4.5
1.4744595394977944
-4.873490893959107
-1.0
-5.5
-3.0
-2.589951911962516
-4.0
-4.0
-1.7671944566133773
-2.312917981283536
-4.0
-2.102310319393125
-8.0
-3.4716950819033614
-0.48964526093598093
-7.0
-4.841379937740523
-3.0
-3.0
-3.2742215170698286
1.0910919329690905
-4.5
-1.341853680070212
-3.5
-6.5
1.185296149978564
-2.387636538633962
-1.3218378443934924
-1.5423109185367516
-4.5
-2.291627835228289
-1.5546151322999409
-4.5
-0.613425100583916
-3.0
-4.877162030408947
-2.0
-6.5
-3.5
-3.5
-4.5
-5.722302991420525
-2.1081927916423973
0.7074835053324291
1.031898178677916
2.2683669372257533
-2.0
-0.3044427010057773
-8.0
-2.485673934627253
-3.5
-3.0
-3.0
-8.5
-5.0
-2.5
-3.5
-1.206180302687194
-1.5
-0.7033444338543657
-2.4854292115302137
-5.5
-3.5
-3.0
-1.6995457281778776
-3.0
-6.5
-1.0
-1.832936301962266
-2.5
-2.0
1.7063428669559828
-1.0370117558314151
-3.0
-3.0
-4.0
-2.3354392655073277
-2.332289094324342
0.028553498984807746
-6.5
-3.449904638342823
-1.9448290695372177
-2.0
-4.0
-6.5
-5.0
-1.0738319167845216
-3.0
-1.5
-4.5
-4.0
-2.0
3.4446384729330912
-2.023540609631513
-2.0
-2.0
-3.0
-4.5
-3.0
-5.5
-3.5
1.4773628086697732
-1.208748658640817
-4.5
-1.3232331870572014
-6.0
-5.621125301797327
-6.0
4.95772200752898
-1.0
2.5074927522631736
-1.5
-3.0
-3.5
-0.7374448022842959
-5.1023045297157426
-5.5
-0.5
-3.5
-2.5
-0.291473878129743
-2.0
0.9130561699783168
0.5347192944108756
-5.5
-3.5
4.559931281740013
-2.0
-1.8397469460242162
-6.0
-2.863204624776693
-2.5
-3.5
0.9315336539590715
5.120141684215816
-3.5
-6.203621554013716
-3.39430618217866
-5.5
-6.5
-2.5
-3.0
-3.3028259153317845
-4.0
-2.5410480788109484
-4.5
-0.5187101885706544
-1.4112836898093697
-2.513795174730978
-2.5
-5.5
-2.319566512648416
-3.0
4.320848381524418
2.8327814779446623
-2.0
-4.704230690300722
-2.0
-0.7598665713649155
-5.5
-1.6672023282516253
-3.5
-3.0
-1.0688797487386248
-4.5
-4.0
-0.2672235295608769
-5.0
2.195018659158076
-4.0
-4.0
-5.0
-7.0
-0.9393933634211435
-1.817061170656018
-4.0
-7.5
0.2813650703775652
-4.5
-1.8595296537151693
-0.5
-6.0
-5.5
-1.84206814727204
0.22587078262980098
0.8331857464111492
2.1731961433546987
-3.5
-3.0
-1.189467023294708
-4.5
-3.0
-4.3673085072635
-3.0
-4.5
-4.0
-5.0
-3.0
-5.5
-3.5
-4.5
-2.0
-4.5
-2.0
-2.859041302023853
-5.0
-3.5
-6.5
-5.5
-4.5
-1.6908307386637214
-2.5
0.21312057492971004
4.781731974401858
2.2802738239336877
-2.857386461369374
-4.189676462329775
-6.5
-2.1663706742849116
-0.13583634941588127
3.576185991294887
-2.5
-2.0
-3.0
5.2822195064820825
-3.0
-0.44475396924138444
-4.0
-5.0
-5.5
1.2788246362264846
-2.5
-3.0
-3.5
0.7667219950018924
-1.0
-0.5
-5.0
-3.5
-2.5
-1.157863914047872
-1.0
-3.0
-0.5
-1.81439372795632
-3.5
-5.5
-1.5
-1.7331571337797187
-2.7303822592366216
-4.0
-4.0
0.6710092032033779
2.7029228091930664
-2.5
-4.476809228293266
-3.0
-3.0
-5.5
-2.1062207508140744
-2.5
-5.0
-4.0
-1.0
-2.0
-2.5
-3.5396421251093515
-3.0
-3.0
-2.5
-6.0
-2.0
-2.0
-2.5
-2.0
-4.0
-1.840941874587417
-7.0
-2.7677231858930034
-4.0
-4.5
-4.0
-0.9584990543656864
-4.542033452951774
1.01629890213926
-3.0
-1.0
-3.5
5.902389760276835
-3.5
-2.0
-3.5
-4.5
7.299370161043949
-4.0
-1.5
1.0573337595567098
-2.0786850832562136
-4.0
-5.0
-5.0
1.4149464356431087
-4.0
-4.5
-4.0
-3.5
-1.5
-2.0
-0.3777566461565305
3.490466834244157
-3.0
-0.49959976699397046
-5.0
-0.13325748320858455
-3.5
-4.942058748016931
-0.014641646705571262
-2.190064115316097
-2.5
3.2633308426477057
1.4242388676029796
-2.648910675361886
2.140558374586307
-3.0
1.942276596985419
-4.0
-1.2510299706369454
-6.0
-2.3092504178735793
-2.5
-2.5
-3.0
-3.0
-3.0
-7.5
-5.64174802182551
-2.3003024801059793
-1.6455854481514698
-3.0
-2.466936717372006
-4.0
-3.5
-2.3790721480720034
-4.5
-4.086244471469
6.304001458980885
-1.8185154015521294
-3.5
-2.5
6.773853070160341
-3.5
-4.0
-6.5
-3.8008473618288283
-0.5
2.3463951148216386
-2.5
3.413748663570896
-6.0
-2.0
-0.9121327052140319
-2.5471200451851175
-3.0
-1.0
-2.0
2.159095003701448
-2.054184575193319
-3.5
-1.5
-6.5
-4.5
-3.902367471241857
-3.5
-2.0
-5.9692428762442775
-1.5
-4.5
-2.907509667244491
-2.4417026711183443
-3.5
-0.58484095704936
-6.265889885298282
-3.5
-3.5
-2.0
-5.0
-1.5
-3.0
-5.0
-2.2796643870417537
-2.187937831003902
-1.5
-4.5
-1.5
5.074795198695535
-5.0
-3.0
-4.0
-3.0
-5.5
-2.5
-2.5
-3.5
-4.0
-4.5
-2.0
-3.5
-3.0
-3.0
-1.6466401188185251
-2.421308800144291
-3.0
-0.561474966301714
-1.7227519236223887
-3.5
-0.6892381401838075
-5.099060306067644
-5.0
-3.6884457592898854
0.1588499418961482
-2.4155849807591734
-3.0
-2.0
-2.5
-0.5776609088042131
-3.0
-1.6554499077444416
-5.0
-1.5
-4.432196632011135
-2.7346290307535837
-2.5
-5.0
-5.0
0.0
-3.5
-2.4240159627785114
-2.5
-4.360393525554053
-5.0
-3.0
1.5296637199832421
-4.0
-4.5
-1.3278151100393982
-1.5
1.7388015868002573
-4.5
-0.9503877347991998
-0.7849889100685342
-2.5
-3.0
0.7372670645000383
-3.0
-5.0
-0.3187132513260855
-0.8899906142610912
-4.5
-4.0
-1.217404085037609
-4.5
0.27
-4.0
-0.19625351534296798
-2.4700501983827414
-4.0
-3.154960638525472
-2.5
-1.5
-3.7405318512057106
-3.0
-4.0
-3.5
-2.0
5.780065619030341
-5.0
-3.5
-3.5
-3.0
-1.7067535880055555
-3.5
-3.0
-3.5
-3.0
-1.5
-4.5
-5.0
-0.8087501815162897
0.20763651407170525
-4.5
-2.3316497049866665
-3.0
-4.5
-2.5
2.531718128559036
-0.16839056158235
-3.0
1.4450338285953883
-4.0
-5.0
-2.5
-6.5
-2.5
-2.5
1.1701187013707017
0.0
4.477470683082886
-3.5
-0.8904313799025068
1.1050125657031336
-3.0
-3.5
-2.5
-6.5
-4.36464479589474
-1.0
-7.0
-4.5617607331466585
-1.0
0.8510830809779932
-5.5
1.0064607205570213
-4.454012330470963
-1.9545846379713396
5.286618120623813
-0.6185508517124414
-1.5
-2.5
-2.910245333498249
-0.6912269305407652
-3.0
-2.483074782970034
-2.5
-3.437957777996545
-4.5
-6.945705254876572
6.153389942629023
-2.270696418719088
-2.0
1.0405414380039257
-5.0
-4.0
-1.3537832442647382
-6.347711790472934
-4.5
-2.0
-3.0
-0.41042072363044024
-6.0
-0.5
0.5083326051633608
-3.5
-6.164735800079798
-4.0
-1.474767506795824
-2.5
-3.0
-1.0
-4.0
0.3067706580174483
2.3670400157970413
-2.5
-0.19809051098374653
-2.5
-3.3288013179208384
-1.5
-3.0
0.6139913771940302
-2.2126379115976778
-4.0
-3.0
-2.6682219985270224
-2.6449917080159366
-2.0
1.0
0.03914460856430213
-3.5
-7.0
-5.0
-1.5
4.327909481212735
0.9617981512695613
-5.0
-2.4510217515635286
-3.5
-7.0
-3.5
-2.0
2.34372580801202
-4.0
-5.0
-2.0
-3.0
-6.5
-2.223769539410558
-5.0
-7.0
-1.7690627169165807
-1.5
-1.0
-3.5
-4.262716395920005
-6.9118833822295205
-1.0
-0.809354386154433
-4.5
-3.0
-4.0
-4.5
-4.0
-0.8846254815749077
-1.3697014373009735
-0.28426485594525364
-3.5
-5.0
-2.8758579587327473
-2.5
-3.4504333127783946
-1.0432854601545754
-2.5
-3.388536184849586
1.6230957902142082
-3.5
-2.5311277831457066
-1.1998290457173428
-3.0
-6.792773589816659
-1.5
-6.0
-5.5
-2.5802905274682586
2.755653391176029
-3.5
-2.5
-4.0
-6.5
-3.985906360407777
-3.5
-3.0
-4.5
-2.592324710847822
-1.5
-1.5
-1.4092391529554251
2.5971350772384056
-1.166145883698195
-3.001655309122888
-0.7912732605280228
-2.2819303021748913
3.2319642953793544
0.20001777280681532
-3.5
-1.0
3.9468432318148916
-5.5
-1.0
-3.5
-3.0
-2.0
-2.5
-3.0
-4.90811081322617
-3.0
1.4102410376264545
-3.944642288847464
1.9536992116324505
-3.0
-6.5
-4.0
-2.0
-1.3482939929940965
-4.0
-3.0
-2.0
-2.386852008887899
-3.1308169673115147
-4.642743750389883
-5.5
-1.5
0.5
-0.18765285355465888
4.579301600789544
-5.0
-2.3581195208208823
-3.5
-0.7051612466232986
-3.177663991295665
-1.5
-4.5
-1.8673727945605925
-2.0570854279046733
-5.0
-3.0
1.5099221995283654
-7.5
-2.5
-0.4670309084042539
-1.9796033500733168
-4.5
-7.0
-1.0
-3.0
-5.5
-7.0
0.9237507560679941
-5.0
-2.935731994649841
-3.0
-4.5
-3.424637931226587
-5.0
-1.5
-3.0
-6.0
-5.0
-4.5
1.4777384436123893
-1.4866746559118633
-0.8573676265841743
-3.0
1.9210101231087973
-3.5
-2.358597599793878
-0.5
-1.415011229005342
-3.262527811492655
-1.501171991591071
-3.2407393904647646
-4.5
-4.8078553809855284
-3.0
5.518712211081051
-2.5
1.2312333680301828
-0.6980995222732611
-5.5
-2.1927429500999254
-1.0
0.7865530434643402
-1.460970677822768
-5.184043607882673
-3.5
-2.054668244100619
-4.5
2.5
-6.5
-1.9501750313489261
-2.0403463405178397
-5.0
-1.5
1.876856848051692
2.336799180301518
-4.0
-7.0
-2.8456937998322975
-2.0
-0.9341307062863518
0.2338623044346133
-5.5
-3.5
-4.5
-5.5
-2.3488900700971165
-0.19967453626639342
-2.5
-0.7534070462275728
-5.0
-6.5
-6.0
-2.0
