-60.0
-35.0
-20.0
-20.0
-50.0
-42.860438119446584
-55.0
-20.0
-10.0
-30.0
-40.0
-20.0
-35.0
-30.0
-25.0
-25.0
-30.0
-40.0
-40.0
-45.0
-45.0
-30.0
-30.0
-30.0
-50.0
-35.0
-35.0
-50.0
-20.0
-40.0
-10.0
-20.0
-15.0
-30.0
-60.0
-15.0
-45.0
-40.0
-40.0
-20.0
-50.0
-40.0
-30.0
-40.0
-55.0
-55.0
-45.0
-40.0
-20.0
-20.0
-20.0
-35.0
-55.0
-30.0
-55.0
-40.0
-5.0
-40.0
-15.0
-60.0
-15.0
-55.0
-60.0
-33.96255178269267
-25.0
-45.0
-50.0
-25.0
-40.0
-35.0
-45.0
-30.0
-55.0
-50.0
-20.0
-25.0
-35.0
-30.0
-20.0
-35.0
-30.0
-45.0
-35.0
-50.0
-20.0
-15.0
-25.0
-15.0
-30.0
-60.0
-15.0
-35.0
-35.0
-55.0
-60.0
-50.0
-5.0
-15.0
-35.0
-25.0
-30.0
-15.0
-60.0
-25.0
-35.0
-50.0
-45.0
-35.0
-25.0
-55.0
-10.0
-55.0
-25.0
-20.0
-40.0
-25.0
-45.0
-35.0
-45.0
-20.0
-15.0
-45.0
-40.0
-15.0
-30.0
-15.0
-25.0
-35.92411477882865
-35.0
-5.0
-45.0
-40.0
-60.0
-10.0
-25.0
-25.0
-60.0
-45.0
-65.0
-45.0
-20.0
-20.0
-35.0
-40.0
-45.0
-30.0
-45.0
-45.0
-45.0
-35.0
-40.0
-35.0
-50.0
-55.0
-35.0
-34.0
-45.0
-55.0
-20.0
-45.0
-25.0
-25.0
-30.0
-40.0
-20.0
-65.0
-60.0
-50.0
-50.0
-15.0
-45.0
-50.0
-20.0
-65.0
-15.0
-15.0
-20.0
-30.0
-20.0
-35.0
-35.0
-45.0
-15.0
-55.0
-15.0
-20.0
-60.0
-20.0
-15.0
-25.0
-15.0
-45.0
-15.0
-30.0
-30.0
-50.0
-30.0
-30.0
-50.0
-70.0
-45.0
-10.0
-25.0
-35.0
-34.23919644090883
-35.0
-40.0
-40.0
-10.0
-50.0
-15.0
-50.0
-35.0
-40.0
-70.0
-40.0
-35.0
-20.0
-45.0
-10.0
-60.0
-15.0
-20.0
-55.0
-55.0
-40.0
-30.0
-35.0
-35.0
-20.0
-10.0
-40.0
-35.0
-35.0
-35.0
-20.0
-20.0
-30.0
-30.0
-30.0
-30.0
-25.0
-55.0
-35.0
-45.0
-45.0
-15.0
-50.0
-25.0
-40.0
-30.0
-45.0
-35.0
-30.0
-25.0
-20.0
-45.0
-30.0
-10.0
-20.0
-45.0
-20.0
-15.0
-45.0
-15.0
-15.0
-20.0
-35.0
-45.0
-40.0
-15.0
-45.0
-30.0
-40.0
-25.0
-20.0
-40.0
-50.0
-25.0
-35.0
-40.0
-20.0
-40.0
-15.0
-65.0
-25.0
-45.0
-35.0
-20.0
-60.0
-45.0
-40.0
-45.0
-15.0
-20.0
-55.0
-25.0
-50.0
-25.0
-60.0
-30.0
-20.0
-55.0
-20.0
-30.0
-60.0
-50.0
-25.0
-55.0
-25.0
-35.0
-60.0
-30.0
-55.0
-50.0
-45.0
-65.0
-55.0
-35.0
-45.0
-65.0
-20.0
-35.0
-25.0
-60.0
-45.0
-25.0
-35.0
-50.0
-15.0
-65.0
-30.0
-35.0
-30.0
-30.0
-45.0
-30.0
-55.0
-35.0
-35.0
-65.0
-55.0
-25.0
-50.0
-30.0
-35.0
-60.0
-25.0
-60.0
-65.0
-55.0
-35.0
-50.0
-50.0
-15.0
-20.0
-20.0
-35.0
-30.0
-25.0
-55.0
-40.0
-40.0
-35.0
-30.0
-35.0
-20.0
-35.0
-35.0
-45.0
-40.0
-15.0
-30.0
-60.0
-35.0
-15.0
-45.0
-30.0
-40.0
-40.0
-55.0
-70.0
-20.0
-40.0
-30.0
-35.0
-50.0
-35.0
-35.0
-25.0
-35.0
-25.0
-45.0
-15.0
-25.0
-55.0
-25.0
-35.0
-50.0
-20.0
-35.0
-40.0
-30.0
-55.0
-50.0
-40.0
-15.0
-50.0
-25.0
-30.0
-40.0
-30.0
-40.0
-35.0
-15.0
-55.0
-35.0
-45.0
-25.0
-50.0
-45.0
-30.0
-45.0
-25.0
-30.0
-20.0
-35.0
-50.0
-40.0
-15.0
-55.0
-25.0
-25.0
-20.0
-10.0
-35.0
-70.0
-35.0
-15.0
-25.0
-15.0
-45.0
-35.0
-55.0
-20.0
-50.0
-20.0
-35.0
-45.0
-25.0
-50.0
-35.0
-55.0
-50.0
-40.0
-55.0
-20.0
-45.0
-15.0
-35.0
-20.0
-25.0
-10.0
-40.0
-45.0
-55.0
-55.0
-55.0
-40.0
-5.0
-40.0
-20.0
-40.0
-35.0
-65.0
-30.0
-25.0
-25.0
-20.0
-15.0
-15.0
-30.0
-30.0
-35.0
-35.0
-55.0
-35.0
-15.0
-40.0
-30.0
-30.0
-30.0
-40.0
-20.0
-25.0
-40.0
-25.0
-20.0
-50.0
-35.0
-30.0
-50.0
-10.0
-25.0
-55.0
-30.0
-60.0
-40.0
-45.0
-65.0
-40.0
-15.0
-15.0
-50.0
-35.0
-50.0
-25.0
-50.0
-30.0
-25.0
-40.0
-25.0
-30.0
-35.0
-25.0
-45.0
-40.0
-65.0
-20.0
-15.0
-50.0
-20.0
-40.0
-15.0
-30.0
-30.0
-50.0
-45.0
-40.0
-20.0
-40.0
-20.0
-15.0
-25.0
-20.0
-45.0
-20.0
-40.0
-50.0
-30.0
-35.0
-60.0
-20.0
-65.0
-35.0
-10.0
-50.0
-25.0
-30.0
-30.0
-35.0
-25.0
-25.0
-15.0
-40.0
-70.0
-15.0
-25.0
-25.0
-30.0
-58.0
-30.0
-30.0
-55.0
-15.0
-5.0
-35.0
-35.0
-40.0
-40.0
-35.0
-40.0
-45.0
-40.0
-15.0
-30.0
-30.0
-20.0
-30.0
-10.0
-20.0
-15.0
-60.0
-50.0
-40.0
-25.0
-25.0
-25.0
-40.0
-45.0
-15.0
-60.0
-50.0
-50.0
-25.0
-20.0
-15.0
-45.0
-30.0
-5.0
-25.0
-30.0
-40.0
-70.0
-50.0
-15.0
-45.0
-40.0
-30.0
-45.0
-45.0
-45.0
0.0
-45.0
-60.0
-50.0
-55.0
-25.0
-35.0
-40.0
-55.0
-45.0
-35.0
-55.0
-30.0
-20.0
-20.0
-45.0
-60.0
-45.0
-25.0
-40.0
-50.0
-20.0
-30.0
-35.0
-5.0
-30.0
-25.0
-50.0
-15.0
-60.0
-35.0
-45.0
-60.0
-70.0
-35.0
-55.0
-15.0
-50.0
-35.0
-40.0
-40.0
-50.0
-50.0
-25.0
-23.690718375762188
-50.0
-44.97842588778923
-30.0
-20.0
-50.0
-40.0
-55.0
-45.0
-40.0
-25.0
-10.0
-35.0
-30.0
-35.0
-35.0
-40.0
-40.0
-50.0
-10.0
-35.0
-5.0
-30.0
-20.0
-25.0
-25.0
-20.0
-35.0
-25.0
-40.0
-35.0
-50.0
-40.0
-50.0
-10.0
