0
5.731860749320893
5.081840556700513
17.486233016186006
0
40.70706378904431
0
0
16.37596274034634
-4.85222267593937
0
0
-1.2217352540094684
0
0
0
0
1.9341583921344512
-1.4849536947046058
19.014658908386117
0
0
0
0
0
0
0
0
5.1908840494307285
0
4.536700966180847
40.70179164062327
64.80461876455259
0
0
56.937612179787344
0
0
0
1.0400603091401202
-1.3983004835126156
0
5.363070296972827
36.374137590178854
13.041554487297232
0
0
0
20.549903981808114
0
-2.8099555151677365
0
0
11.21842836212433
0
20.466185232251625
24.94222332462244
0
2.714901337624548
0
35.2681434288443
29.66776389128748
0
0
0
6.404146713624463
9.977676650760015
23.402328885403545
17.942961638822958
0
0
0
6.62957935203011
32.52714091201938
29.821874450850643
12.078819202070742
0
0
9.128793894368586
0
22.64334678611149
-2.738394939608323
0
0
9.777512590071806
0
0
0
11.833131255452592
0
0
6.070649199373177
0
10.131779116105767
0
0
0
0
0
0
0
0
0
0
32.18122390383879
0
0
7.59275334898701
59.31366649070549
32.26667519230058
0
1.5733984995702013
0
55.32767304342397
0
22.954209637244034
32.93009449897653
23.617285254091215
0
0
0
0
0
0
0
25.15773851120838
0
0
0
0
43.7231004011941
3.8340643103366556
18.13676535267397
19.587290898213297
0
69.79837440814187
0
0
0
0
0
32.75380757987786
0
0
0
1.114997550962011
23.349099555556123
0
6.573741881979917
0
0
0
-0.2583762211149008
37.367608887881055
0
0
19.51699548575339
0.7393159782070349
15.672320313075277
0
0
10.438750267046847
0
0
0
16.638706700206484
0
0
2.853354478910399
0
0
41.846130137021994
27.79058537774943
0
0
0
0
0
15.547288591169476
8.28786493367595
8.29477182262707
0
31.633978120261823
0
0
0
0
37.53826843796176
-3.935279605074422
12.237099029450182
0
0
0
0
0
0
16.096160831625017
42.84971841175115
4.4282244013072525
0
27.947800521688038
43.23363702726398
74.751440632029
0
0
0
11.614977983796527
36.20546709097134
18.069593946854987
21.572873798181224
0
0
0
13.633331437109167
29.042904440728485
29.177765647703236
0
0
16.972068391361375
0
0
21.56825114271811
-1.3922480192444802
0
31.614354602920898
0
0
0
0
0
0
18.039276165582564
31.097906161117056
10.84455668292828
13.259027839765281
0.8108209553016845
0
0
0
23.280901021897776
0
18.00949443272212
0.21411034691123376
16.345324552804314
0
7.566518235293701
0
38.21995980678755
0.6103934742342787
4.851492041912742
0
26.254346358685027
0
0
51.90256936057011
9.669551107675773
0
0
26.12851364457341
79.59908660686355
11.208178794056384
7.612362933655181
0
14.882450544301726
0
18.38467631020969
19.525583652485395
26.21567707700113
0
-3.9465418699974375
0
45.604573106111545
0
0
0
0
7.145039414256308
0
1.933133209372098
0
23.90039651638603
11.534715592736507
0
2.5086314475419336
52.45201599119292
38.57379336962062
0
46.90618192167743
6.013071683150905
0
0
0
29.011433711559494
27.877263372111237
0
0
64.20912723057873
12.314221748165314
0
10.793887941478955
0
17.983407566624575
0
38.48879992868907
16.387894577298432
0.2717562528430424
0
5.754025480262701
39.267207222426606
0
0
0
18.135797726551303
0
10.723022001299693
0
0
29.063088249867697
5.262527459550203
0
0
0
0
49.49695889330869
0
0
23.216812807931014
23.7901074812653
3.728987942039719
2.211106037431181
-8.729867822003298
19.960241294347504
0
0
0
0
22.696340666553255
0
0
0
37.05578424059379
62.315294302796985
-6.945464563469459
27.02337352155388
18.473453747314718
11.267001583812492
0
0
0
0
0
-0.0821477947369722
0
23.477199334781226
0
14.993572106719702
0
3.896939366146981
0
0
0
0
0
0
0
0
0
0
0
0
52.9563493579581
10.951807484625142
0
23.922225275403306
0
0
0
54.61742990304416
30.876734920289493
0
26.63825729538535
0
0
30.371723987698942
46.03726182536195
52.676171841999874
0
41.18848884923955
0
0
0
0
22.247045039342996
0
15.115294466543105
0
78.33521777112512
0
0
11.239025296364435
0
-2.9034733254286706
-3.8914986939771943
0
0
0
0
15.289189654960152
0
0
34.08467930732983
7.350451841414909
19.922687159125605
0
39.418699492706004
8.640638353363725
0
16.226333987647855
0
0
0
-1.1341345064244912
26.565873890299414
0
0
0
0
44.236595028523226
0
0
0
0
3.110897854652558
0
0
72.84391151983709
0
0
0
0
18.184837759406758
26.101389190154947
0
0
15.196387680316818
0
8.324602278057547
0.9580717081606522
-0.5552080799354808
17.53511539340394
0
0
0
60.79308617215523
0
-0.5843528964569842
0
0
0
30.00271933429391
53.06758307946534
0
10.756155546687465
17.12540107757169
2.9477237438791732
0
0.5048571355513758
44.07844586839076
12.966532597117334
0
24.24229687561263
0
0
0
52.725168042189324
0
20.368105834296035
36.92565975589086
0
6.180852768096424
18.6413242492714
0
26.050302166498696
42.36799561556492
36.68466111566535
0
0
0
0
0
21.220851746272544
0
3.913170764739636
21.814996606908515
0
0
0
0
0
0
35.289437069269354
0
20.011121514166078
0
19.845001245062647
0
35.83267504031981
-2.9330556949233024
0
0.26844667804099664
2.108518580985004
0
0
0
-5.035409370103279
0
1.458482171760883
0
0
30.09289483209586
0
0
0
41.056883973034736
8.362829083873285
0
0
41.78093156927669
22.565941044105095
0
0
36.475610909450495
0
0
-0.6157083645087251
-1.9358199517878347
0
0
23.951031312515365
2.380969052170679
0
0
0
0
0
-1.3601275018414363
2.210262791353326
0
0
40.62579466621319
38.78860018933625
0
0
0
7.799671595460865
0
48.57814447616752
0
7.835506651670679
38.976503677925116
9.002975586502941
21.161335714667153
49.627860794706656
37.21227965229447
25.90194927822673
55.90748617127868
9.690425340098878
29.437359544867075
29.053205961738115
-0.8283680835297176
0
12.478251944175337
0
0
30.52931014485886
76.88755464880114
0.21685800304297587
10.619150866546075
-0.5897605671047579
0
0
37.71148429461064
20.872491438683873
0
0
0
7.798169432754712
7.618818987430279
0
0
0
0
0
0
9.571069117530042
21.208672324319274
0
0
0
25.39893697016697
4.821367961060382
16.15958938314096
46.09749858795312
5.350617251753459
4.616434884682871
0
19.651056785582092
17.530019732416363
16.355829537094984
0
16.40471935052367
0
0
12.157671080085297
0
16.414140021308565
-0.3651937077585963
0
0
0
10.033934646184779
0
0
0
0.14555880588003944
0.7136219257528449
0
49.84526890262097
15.03961546577213
0
24.014140134440968
25.632104150865736
0
0
0
0
38.79549135956037
0
15.304669704443786
0
0
30.68593048560678
39.89412328148529
0
0
0
0
0
0
0
0
0
0
0
0
0
1.7749051653106775
55.5513166455072
0
0
11.067483325865968
30.320352256840273
0
0
0
0
0
36.26971547538144
5.3329350273752
0
0
0
14.421958337277882
0
5.720185067796438
0
52.17862691913943
1.5826739442971878
2.9040303374389094
0
1.5804426365014361
-0.8291871213802207
0
0
30.259199622920377
31.09491647872612
0
30.898158079414756
0
0
0
0
37.441781750645916
0
0
0
22.072456764729417
53.68101623822848
0
-3.047112738394862
20.122389545617608
27.75503571555637
0
0
15.25367471583667
0
0
0
0
6.7215045331860335
0
36.67415421582139
-3.675613332910716
0
3.2864214044569415
0
12.354544534635199
59.767518235862234
